propdump version 4
1 1469394907 0 0 1300 0 0 0 0 9 0 0 0 pp16l.rwx
1 1469394909 799 0 1300 0 0 0 0 9 0 0 0 pp16l.rwx
1 1469394596 801 0 10899 1800 0 0 0 12 0 0 0 wall003l.rwx
1 1469394596 0 0 10899 1800 0 0 0 12 0 0 0 wall003l.rwx
1 1469394743 0 0 -2700 1800 0 0 0 12 0 0 0 wall003l.rwx
1 1469394743 801 0 -2700 1800 0 0 0 12 0 0 0 wall003l.rwx
1 1469394911 1600 0 1300 0 0 0 0 9 0 0 0 pp16l.rwx
1 1469394596 1601 0 10899 1800 0 0 0 12 0 0 0 wall003l.rwx
1 1469394743 1601 0 -2700 1800 0 0 0 12 0 0 0 wall003l.rwx
1 1469394920 2000 0 900 900 0 0 0 9 0 0 0 pp16l.rwx
1 1469394924 2000 0 100 900 0 0 0 9 0 0 0 pp16l.rwx
1 1469394596 2401 0 10899 1800 0 0 0 12 0 0 0 wall003l.rwx
1 1469394932 2000 0 -2300 900 0 0 0 9 0 0 0 pp16l.rwx
1 1469394743 2401 0 -2700 1800 0 0 0 12 0 0 0 wall003l.rwx
1 1469394930 2000 0 -1500 900 0 0 0 9 0 0 0 pp16l.rwx
1 1469394928 2000 0 -700 900 0 0 0 9 0 0 0 pp16l.rwx
1 1469394596 3201 0 10899 1800 0 0 0 12 0 0 0 wall003l.rwx
1 1469394743 3999 0 -2700 1800 0 0 0 12 0 0 0 wall003l.rwx
1 1469394743 3201 0 -2700 1800 0 0 0 12 0 0 0 wall003l.rwx
1 1469394596 4000 0 10899 1800 0 0 0 12 0 0 0 wall003l.rwx
1 1469394596 4800 0 10899 1800 0 0 0 12 0 0 0 wall003l.rwx
1 1469394743 4800 0 -2700 1800 0 0 0 12 0 0 0 wall003l.rwx
1 1469394596 5600 0 10899 1800 0 0 0 12 0 0 0 wall003l.rwx
1 1469394743 5600 0 -2700 1800 0 0 0 12 0 0 0 wall003l.rwx
1 1469394596 6400 0 10899 1800 0 0 0 12 0 0 0 wall003l.rwx
1 1469394743 6400 0 -2700 1800 0 0 0 12 0 0 0 wall003l.rwx
1 1469394596 7200 0 10899 1800 0 0 0 12 0 0 0 wall003l.rwx
1 1469394743 7200 0 -2700 1800 0 0 0 12 0 0 0 wall003l.rwx
1 1469394743 7999 0 -2700 1800 0 0 0 12 0 0 0 wall003l.rwx
1 1469394596 8000 0 10899 1800 0 0 0 12 0 0 0 wall003l.rwx
1 1469394596 8800 0 10899 1800 0 0 0 12 0 0 0 wall003l.rwx
1 1469394743 8799 0 -2700 1800 0 0 0 12 0 0 0 wall003l.rwx
1 1469394596 9599 0 10899 1800 0 0 0 12 0 0 0 wall003l.rwx
1 1469394743 9599 0 -2700 1800 0 0 0 12 0 0 0 wall003l.rwx
1 1469394664 10800 0 900 900 0 0 0 12 0 0 0 wall003l.rwx
1 1469394664 10800 0 100 900 0 0 0 12 0 0 0 wall003l.rwx
1 1469394664 10800 0 1700 900 0 0 0 12 0 0 0 wall003l.rwx
1 1469394664 10800 0 2500 900 0 0 0 12 0 0 0 wall003l.rwx
1 1469394664 10800 0 3300 900 0 0 0 12 0 0 0 wall003l.rwx
1 1469394664 10800 0 4099 900 0 0 0 12 0 0 0 wall003l.rwx
1 1469394664 10800 0 4900 900 0 0 0 12 0 0 0 wall003l.rwx
1 1469394664 10800 0 5700 900 0 0 0 12 0 0 0 wall003l.rwx
1 1469394664 10800 0 6500 900 0 0 0 12 0 0 0 wall003l.rwx
1 1469394664 10800 0 7301 900 0 0 0 12 0 0 0 wall003l.rwx
1 1469394664 10800 0 8100 900 0 0 0 12 0 0 0 wall003l.rwx
1 1469394664 10800 0 8901 900 0 0 0 12 0 0 0 wall003l.rwx
1 1469394664 10800 0 9700 900 0 0 0 12 0 0 0 wall003l.rwx
1 1469394596 10800 0 10500 900 0 0 0 12 0 0 0 wall003l.rwx
1 1469394596 10400 0 10899 1800 0 0 0 12 0 0 0 wall003l.rwx
1 1469394664 10401 0 -2700 1800 0 0 0 12 0 0 0 wall003l.rwx
1 1469394664 10800 0 -2300 900 0 0 0 12 0 0 0 wall003l.rwx
1 1469394664 10800 0 -1500 900 0 0 0 12 0 0 0 wall003l.rwx
1 1469394664 10800 0 -700 900 0 0 0 12 0 0 0 wall003l.rwx
1 1469395087 -2600 0 0 0 0 0 0 14 0 0 0 aw_street1.rwx
1 1469394806 -2001 0 901 2700 0 0 0 12 0 0 0 wall003l.rwx
1 1469394806 -2001 0 101 2700 0 0 0 12 0 0 0 wall003l.rwx
1 1469394806 -2001 0 1701 2700 0 0 0 12 0 0 0 wall003l.rwx
1 1469394806 -2001 0 2501 2700 0 0 0 12 0 0 0 wall003l.rwx
1 1469394806 -2001 0 3301 2700 0 0 0 12 0 0 0 wall003l.rwx
1 1469394806 -2001 0 4101 2700 0 0 0 12 0 0 0 wall003l.rwx
1 1469394806 -2001 0 4900 2700 0 0 0 12 0 0 0 wall003l.rwx
1 1469394806 -2001 0 5700 2700 0 0 0 12 0 0 0 wall003l.rwx
1 1469394806 -2001 0 6500 2700 0 0 0 12 0 0 0 wall003l.rwx
1 1469394806 -2001 0 7300 2700 0 0 0 12 0 0 0 wall003l.rwx
1 1469394806 -2001 0 8900 2700 0 0 0 12 0 0 0 wall003l.rwx
1 1469394806 -2001 0 8100 2700 0 0 0 12 0 0 0 wall003l.rwx
1 1469394806 -2001 0 -1500 2700 0 0 0 12 0 0 0 wall003l.rwx
1 1469394806 -2001 0 -699 2700 0 0 0 12 0 0 0 wall003l.rwx
1 1469394900 -1600 0 1300 0 0 0 0 9 0 0 0 pp16l.rwx
1 1469394818 -2000 0 9699 2700 0 0 0 12 0 0 0 wall003l.rwx
1 1469394806 -1601 0 10900 1800 0 0 0 12 0 0 0 wall003l.rwx
1 1469394596 -2000 0 10500 2700 0 0 0 12 0 0 0 wall003l.rwx
1 1469394743 -2000 0 -2300 2700 0 0 0 12 0 0 0 wall003l.rwx
1 1469394743 -1600 0 -2700 1800 0 0 0 12 0 0 0 wall003l.rwx
1 1469394905 -800 0 1300 0 0 0 0 9 0 0 0 pp16l.rwx
1 1469394596 -800 0 10899 1800 0 0 0 12 0 0 0 wall003l.rwx
1 1469394743 -800 0 -2700 1800 0 0 0 12 0 0 0 wall003l.rwx