atdump version 4
0 Y
1 N
2 N
3 N
4 N
5 N
6 N
7 N
8 N
9 N
10 222
11 85
12 33
13 10
15 1 761
17 1
18 1.000000
19 11000
21 187
22 0.000000
23 0.000000
24 stars2
25 5.000000
27 0
28 0.000000
29 0.000000
31 0.000000
33 0
34 0.000000
35 0.000000
37 0.000000
39 N
40 N
41 N
42 1
43 1
44 Y
45 Y
46 *
47 3.23N 0.05E 1.25a 180
49 121
50 Y
51 0
52 200
53 70
54 0
55 1.000000
56 mz-b01-dncestge
59 190
60 N
61 N
62 0
63 16
65 190
67 -0.800000
68 -0.500000
69 -0.200000
70 10
72 30
74 86a8e2b16767aa6d630778a91e
76 http://connect.miuchiz.com/objects/games
77 10080
78 1
79 1
80 N
81 0
84 36
85 0
86 0
87 55
88 0
89 0
90 43
91 0
92 0
93 60
94 0
95 0
96 0
97 0
98 0
99 51
100 0
101 0
105 *
106 1
107 1
108 0.000000
109 0.000000
110 0.000000
112 Bratz Dance
114 0
117 N
118 0
119 0.000000
121 0
122 0
123 0.000000
124 0.000000
126 N
127 120
128 0.000000
130 N
133 N
134 N
135 N
136 Y
137 1.000000
138 2.000000
139 N
140 0.000000
141 90.000000
142 N
143 N
144 16777215
145 Y
146 600
147 3600
148 1
149 N
150 N
151 move rotate