atdump version 4
0 Y
1 N
2 N
3 N
4 N
5 N
6 N
7 N
8 N
9 N
10 128
11 96
12 96
13 10
15 1
17 1
18 10.000000
19 11000
20 stars1
21 185
22 0.090000
23 0.500000
24 stars1
25 4.000000
26 cloud_strat1m
27 157
28 1.720000
29 0.175176
30 cloud_strat5
31 4.000000
32 cloud_strat1m
33 186
34 2.290000
35 0.717518
36 cloud_strat4
37 1.000000
39 N
40 N
41 N
42 1
43 1
44 N
45 Y
46 *
47 77.92N 64.30W 8.73a 130
49 82
50 Y
51 79
52 400
53 50
54 89
55 1.000000
59 225
60 Y
61 N
62 10
63 251
64 c_sun
65 250
66 c_sun
67 -5.650000
68 -10.000000
69 0.140000
70 100
72 200
74 86a8e2b16767aa6d630778a91e
76 http://connect.miuchiz.com/objects/
77 10080
78 1
79 1
80 N
81 0
84 29
85 19
86 147
87 35
88 23
89 142
90 21
91 7
92 143
93 30
94 16
95 152
96 119
97 203
98 249
99 5
100 10
101 192
102 walk03
103 splash5
105 *
106 1
107 1
108 0.700000
109 1.000000
110 0.000000
112 Kraken's Lair, remember, use the Ctrl key to run
114 3
117 Y
118 12
119 16.000000
121 255
122 180
123 0.500000
124 0.000000
125 mz-m01-lava1b
126 Y
127 40
128 0.500000
130 N
133 Y
134 Y
135 N
136 Y
137 1.000000
138 23.000000
139 Y
140 70.500000
141 40.000000
142 Y
143 Y
144 718314
145 Y
146 5
147 2
148 1
149 N
150 N
151 move rotate