atdump version 4
0 Y
1 N
2 N
3 N
4 N
5 N
6 N
7 N
8 N
9 N
10 129
11 129
12 129
13 10
15 1
17 1
18 1.000000
19 11000
21 0
22 0.000000
23 0.000000
25 0.000000
27 0
28 0.000000
29 0.000000
31 0.000000
33 102
34 0.000000
35 0.400000
36 cloud_strat1
37 1.000000
39 N
40 N
41 N
42 1
43 1
44 N
45 Y
46 *
47 3.72S 2.95E 0.00a 33
49 82
50 Y
51 54
52 256
53 64
54 55
55 1.000000
56 mz-b01-b-stadium2
59 0
60 N
61 N
62 0
63 0
65 0
67 0.000000
68 -10.000000
69 0.000000
70 100
72 200
74 86a8e2b16767aa6d630778a91e
76 http://connect.miuchiz.com/objects/games
77 10080
78 1
79 1
80 N
81 0
84 137
85 41
86 41
87 137
88 41
89 41
90 137
91 41
92 41
93 137
94 41
95 41
96 43
97 13
98 13
99 137
100 41
101 41
105 *
106 1
107 1
108 1.000000
109 1.000000
110 0.000000
114 0
117 N
118 0
119 0.000000
121 0
122 0
123 0.000000
124 0.000000
126 N
127 120
128 0.000000
130 N
133 Y
134 Y
135 N
136 Y
137 1.000000
138 2.000000
139 N
140 0.000000
141 90.000000
142 N
143 N
144 16777215
145 Y
146 600
147 3600
148 1
149 N
150 N
151 move rotate