atdump version 4
0 Y
1 Y
2 N
3 N
4 Y
5 Y
6 Y
7 N
8 N
9 N
10 191
11 191
12 191
13 10
14 
15 1
17 1
18 1.000000
19 11000
20 cloud_strat1m
21 75
22 0.000000
23 1.000000
24 cloud_strat1
25 1.000000
26 cloud_strat1m
27 204
28 1.000000
29 0.000000
30 cloud_strat1
31 2.000000
32 
33 0
34 0.000000
35 0.000000
36 
37 0.000000
39 N
40 N
41 Y
42 1
43 *
44 N
45 Y
46 *
47 
49 127
50 Y
51 127
52 1200
53 120
54 127
55 1.000000
56 ground
57 
58 
59 255
60 N
61 N
62 10
63 255
64 c_sun
65 255
66 c_sun
67 1.000000
68 -2.000000
69 1.000000
70 10
72 30
74 e1d6af52b0630db06084837de98c9d
76 MiuServer.mooo.com/objects/
77 10080
78 *
79 0
80 Y
81 0
83 
84 255
85 64
86 64
87 255
88 64
89 64
90 255
91 64
92 64
93 255
94 64
95 64
96 255
97 64
98 64
99 255
100 64
101 64
102 
103 
104 
105 *
106 *
107 *
108 0.250000
109 1.000000
110 0.000000
112 192.168.1.3/Objects
113 1
114 255
115 water2
116 water1_topm
117 N
118 0
119 -3.000000
120 
121 235
122 0
123 1.000000
124 0.100000
125 water1_top
126 N
127 150
128 0.500000
129 
130 N
131 
132 
133 Y
134 Y
135 7
136 Y
137 1.000000
138 2.000000
139 N
140 0.000000
141 90.000000
142 N
143 N
144 16777215
145 N
146 60
147 360
148 *
149 N
150 N
151 move rotate web shadow
152 
153 
154 10080
155 1
156 N
157 N
158 1.000000
159 0
160 
161 0
162 Y