propdump version 4
1 1469313103 623 1542 23 1483 -275 40 0 9 0 0 0 rock9.rwx
1 1469313103 855 1592 141 1866 810 -307 0 9 0 0 0 rock9.rwx
1 1469313103 107 1542 4 1483 -275 40 0 9 33 61 0 rock9.rwxClick Here To Find The Help Filescreate sign;activate url http://www.activeworlds.com/edu/help
1 1469313103 845 1542 627 1483 -275 40 0 9 0 0 0 rock9.rwx
1 1469313103 119 1592 83 1956 810 285 0 9 33 0 0 rock9.rwxClick Here To Find The Help Files
1 1469313103 410 638 383 2700 0 0 0 9 13 42 0 sign3.rwxfighting_exitcreate sign "exit" color=white bcolor=blue
1 1469313103 25 1642 500 3575 -743 602 0 9 0 0 0 rock9.rwx
1 1469313103 780 1642 611 1626 605 -740 0 9 33 0 0 rock9.rwxClick Here To Find The Help Files
1 1469313103 19 1542 538 1483 -275 40 0 9 33 61 0 rock9.rwxClick Here To Find The Help Filescreate sign;activate url http://www.activeworlds.com/edu/help
1 1469313103 398 1542 591 1483 -275 40 0 9 0 0 0 rock9.rwx
1 1469313103 410 -6 1398 1120 79 83 0 12 0 0 0 rockmod5.rwx
1 1469313103 585 -6 1433 1120 79 83 0 12 0 0 0 rockmod5.rwx
1 1469313103 807 -6 1449 1120 79 83 0 12 0 0 0 rockmod5.rwx
1 1469313103 180 94 1493 1120 79 83 0 12 0 0 0 rockmod5.rwx
1 1469313103 410 94 1398 1120 79 83 0 12 0 0 0 rockmod5.rwx
1 1469313103 650 94 1460 1120 79 83 0 12 0 0 0 rockmod5.rwx
1 1469313103 161 -6 1447 1120 79 83 0 12 0 0 0 rockmod5.rwx
1 1469313103 826 94 1495 1120 79 83 0 12 0 0 0 rockmod5.rwx
1 1469313103 931 293 3480 0 -1175 -900 0 9 0 0 0 rock8.rwx
1 1469313103 931 543 3480 0 -1175 -900 0 9 0 35 0 rock8.rwxcreate light color=red brightness=3
1 1469313361 981 542 -3419 0 -1175 -900 0 9 0 0 0 rock8.rwx
1 1469313493 479 0 -3411 2676 0 0 0 12 49 11 0 signmod5.rwxThis pot marks where the fight bot will be placedcreate sign
1 1469313361 281 0 -3468 875 0 0 0 4 0 0 0 pot1
1 1469313361 981 242 -3419 0 -1175 -900 0 9 0 0 0 rock8.rwx
1 1469313103 75 137 -1866 1740 0 0 0 12 13 65 0 signmod5.rwxfighting_joincreate sign "Click here to join the game" color=white bcolor=blue
1 1469313103 937 1242 -1078 1483 -275 40 0 9 33 0 0 rock9.rwxClick Here To Find The Help Files
1 1469313103 462 1542 -485 1483 -275 40 0 9 33 61 0 rock9.rwxClick Here To Find The Help Filescreate sign;activate url http://www.activeworlds.com/edu/help
1 1469313103 738 1442 -846 1483 -275 40 0 9 33 0 0 rock9.rwxClick Here To Find The Help Files
1 1469313103 248 1442 -908 1483 -275 40 0 9 33 0 0 rock9.rwxClick Here To Find The Help Files
1 1469313103 416 1592 -560 1981 -210 -355 0 9 33 0 0 rock9.rwxClick Here To Find The Help Files
1 1469313103 895 1592 -560 3357 390 118 0 9 33 61 0 rock9.rwxClick Here To Find The Help Filescreate sign;activate url http://www.activeworlds.com/edu/help
1 1469313019 1287 1091 970 1926 0 -150 0 9 0 0 0 rock9.rwx
1 1469313019 1308 1341 634 2977 0 0 0 9 0 0 0 rock9.rwx
1 1469313019 1551 1191 788 2987 903 -290 0 9 0 0 0 rock9.rwx
1 1469313019 1348 1391 389 2977 0 0 0 9 0 0 0 rock9.rwx
1 1469313019 1186 1641 842 819 1533 377 0 9 0 0 0 rock9.rwx
1 1469313019 1293 493 1408 1326 0 0 0 9 0 0 0 rock9.rwx
1 1469313019 1326 -107 1632 2977 0 0 0 9 33 61 0 rock9.rwxClick Here To Find The Help Filescreate sign;activate url http://www.activeworlds.com/edu/help
1 1469313019 1289 693 1372 126 0 0 0 9 33 0 0 rock9.rwxClick Here To Find The Help Files
1 1469313019 1350 193 1552 385 8 15 0 9 0 0 0 rock9.rwx
1 1469313019 1822 751 2983 0 0 0 3 0 0 0 209 0000000000000000000000000000803f0000803f0000803f00000080bf00002041000080bf0000803f000000000000803f000080bf0000a0c0000080bf0000803f000000000000803f0000000000000000000000000000000000000000000000000000000000000000000000000000000000000000000000000000803f0000803f000000000000803f000000400000000001000000010000000a00f4010000000000000100000001000000ff000000ff8080000000803f02000000060000000000000000000000000000666c6172653331
1 1469313019 1982 292 3230 0 -1175 -900 0 9 0 0 0 rock8.rwx
1 1469313019 1982 542 3230 0 -1175 -900 0 9 0 35 0 rock8.rwxcreate light color=red brightness=3
1 1469313361 1031 291 -2569 0 -1175 -900 0 9 0 0 0 rock8.rwx
1 1469313361 1031 542 -2569 0 -1175 -900 0 9 0 0 0 rock8.rwx
1 1469313019 1639 293 -1544 2977 0 0 0 9 0 0 0 rock9.rwx
1 1469313019 1628 1041 -1154 1776 0 0 0 9 0 0 0 rock9.rwx
1 1469313019 1232 1241 -1077 1483 -275 40 0 9 33 0 0 rock9.rwxClick Here To Find The Help Files
1 1469313019 1469 1091 -1303 1483 -275 40 0 9 33 0 0 rock9.rwxClick Here To Find The Help Files
1 1469313019 1593 -57 -1632 2977 0 0 0 9 0 0 0 rock9.rwx
1 1469313019 1803 743 -1182 2076 900 0 0 9 0 0 0 rock9.rwx
1 1469313019 1584 1191 -1027 1668 -222 207 0 9 33 0 0 rock9.rwxClick Here To Find The Help Files
1 1469313019 1623 841 -1315 1168 131 74 0 9 0 0 0 rock9.rwx
1 1469313019 1496 1491 -403 1786 -131 74 0 9 0 0 0 rock9.rwx
1 1469313019 1704 1241 -836 1776 0 0 0 9 0 0 0 rock9.rwx
1 1469313019 1380 1591 -204 1931 -145 37 0 9 0 0 0 rock9.rwx
1 1469313019 1023 1541 -440 1483 -275 40 0 9 33 61 0 rock9.rwxClick Here To Find The Help Filescreate sign;activate url http://www.activeworlds.com/edu/help
1 1469313019 1406 1591 -33 3382 405 175 0 9 33 0 0 rock9.rwxClick Here To Find The Help Files
1 1469313019 1125 1541 -26 1483 -275 40 0 9 33 61 0 rock9.rwxClick Here To Find The Help Filescreate sign;activate url http://www.activeworlds.com/edu/help
1 1469313019 1205 1441 -741 1483 -275 40 0 9 33 61 0 rock9.rwxClick Here To Find The Help Filescreate sign;activate url http://www.activeworlds.com/edu/help
1 1469312811 2083 38 1663 1800 0 0 0 10 6 44 0 tree9m.rwxdefendcreate sign "Defend" color=red bcolor=yellow
1 1469312811 2933 293 2780 0 -1175 -900 0 9 0 0 0 rock8.rwx
1 1469312811 2683 38 2113 1800 0 0 0 10 6 44 0 tree9m.rwxdefendcreate sign "Defend" color=red bcolor=yellow
1 1469312811 2933 542 2780 0 -1175 -900 0 9 0 35 0 rock8.rwxcreate light color=red brightness=3
1 1469312811 2753 751 2518 0 0 0 3 0 0 0 209 0000000000000000000000000000803f0000803f0000803f00000080bf00002041000080bf0000803f000000000000803f000080bf0000a0c0000080bf0000803f000000000000803f0000000000000000000000000000000000000000000000000000000000000000000000000000000000000000000000000000803f0000803f000000000000803f000000400000000001000000010000000a00f4010000000000000100000001000000ff000000ff8080000000803f02000000060000000000000000000000000000666c6172653331
1 1469312811 2833 293 -1218 0 -1175 -900 0 9 0 0 0 rock8.rwx
1 1469312811 2833 542 -1218 0 -1175 -900 0 9 0 35 0 rock8.rwxcreate light color=red brightness=3
1 1469312811 2658 751 -1490 0 0 0 3 0 0 0 209 0000000000000000000000000000803f0000803f0000803f00000080bf00002041000080bf0000803f000000000000803f000080bf0000a0c0000080bf0000803f000000000000803f0000000000000000000000000000000000000000000000000000000000000000000000000000000000000000000000000000803f0000803f000000000000803f000000400000000001000000010000000a00f4010000000000000100000001000000ff000000ff8080000000803f02000000060000000000000000000000000000666c6172653331
1 1469312811 2943 751 -390 0 0 0 3 0 0 0 209 0000000000000000000000000000803f0000803f0000803f00000080bf00002041000080bf0000803f000000000000803f000080bf0000a0c0000080bf0000803f000000000000803f0000000000000000000000000000000000000000000000000000000000000000000000000000000000000000000000000000803f0000803f000000000000803f000000400000000001000000010000000a00f4010000000000000100000001000000ff000000ff8080000000803f02000000060000000000000000000000000000666c6172653331
1 1469312811 3247 751 549 0 0 0 3 0 0 0 209 0000000000000000000000000000803f0000803f0000803f00000080bf00002041000080bf0000803f000000000000803f000080bf0000a0c0000080bf0000803f000000000000803f0000000000000000000000000000000000000000000000000000000000000000000000000000000000000000000000000000803f0000803f000000000000803f000000400000000001000000010000000a00f4010000000000000100000001000000ff000000ff8080000000803f02000000060000000000000000000000000000666c6172653331
1 1469312811 3382 542 780 0 -1175 -900 0 9 0 35 0 rock8.rwxcreate light color=red brightness=3
1 1469312811 3382 293 780 0 -1175 -900 0 9 0 0 0 rock8.rwx
1 1469312811 3098 751 1498 0 0 0 3 0 0 0 209 0000000000000000000000000000803f0000803f0000803f00000080bf00002041000080bf0000803f000000000000803f000080bf0000a0c0000080bf0000803f000000000000803f0000000000000000000000000000000000000000000000000000000000000000000000000000000000000000000000000000803f0000803f000000000000803f000000400000000001000000010000000a00f4010000000000000100000001000000ff000000ff8080000000803f02000000060000000000000000000000000000666c6172653331
1 1469312811 3233 542 1730 0 -1175 -900 0 9 0 35 0 rock8.rwxcreate light color=red brightness=3
1 1469312811 3233 293 1730 0 -1175 -900 0 9 0 0 0 rock8.rwx
1 1469312811 3133 542 -168 0 -1175 -900 0 9 0 35 0 rock8.rwxcreate light color=red brightness=3
1 1469312811 3133 293 -168 0 -1175 -900 0 9 0 0 0 rock8.rwx
1 1469312811 4403 38 835 1800 0 0 0 10 6 44 0 tree9m.rwxdefendcreate sign "Defend" color=red bcolor=yellow
1 1475956634 6250 750 -21550 554 0 0 0 9 0 0 0 rock8.rwx
1 1469313279 -4467 37 1314 1800 0 0 0 10 6 44 0 tree9m.rwxdefendcreate sign "Defend" color=red bcolor=yellow
1 1469313279 -4108 0 -1038 2227 0 0 0 4 0 0 0 pot1
1 1469313279 -4006 0 -927 2077 0 0 0 12 25 11 0 signmod5.rwxThis pot is for donationscreate sign
1 1469313279 -3617 541 731 0 -1175 -900 0 9 0 35 0 rock8.rwxcreate light color=red brightness=3
1 1469313279 -3762 750 495 0 0 0 3 0 0 0 209 0000000000000000000000000000803f0000803f0000803f00000080bf00002041000080bf0000803f000000000000803f000080bf0000a0c0000080bf0000803f000000000000803f0000000000000000000000000000000000000000000000000000000000000000000000000000000000000000000000000000803f0000803f000000000000803f000000400000000001000000010000000a00f4010000000000000100000001000000ff000000ff8080000000803f02000000060000000000000000000000000000666c6172653331
1 1469313279 -3617 292 731 0 -1175 -900 0 9 0 0 0 rock8.rwx
1 1469313279 -3792 750 1524 0 0 0 3 0 0 0 209 0000000000000000000000000000803f0000803f0000803f00000080bf00002041000080bf0000803f000000000000803f000080bf0000a0c0000080bf0000803f000000000000803f0000000000000000000000000000000000000000000000000000000000000000000000000000000000000000000000000000803f0000803f000000000000803f000000400000000001000000010000000a00f4010000000000000100000001000000ff000000ff8080000000803f02000000060000000000000000000000000000666c6172653331
1 1469313279 -3667 541 1781 0 -1175 -900 0 9 0 35 0 rock8.rwxcreate light color=red brightness=3
1 1469313279 -3667 292 1781 0 -1175 -900 0 9 0 0 0 rock8.rwx
1 1469313279 -3403 750 2204 0 0 0 3 0 0 0 209 0000000000000000000000000000803f0000803f0000803f00000080bf00002041000080bf0000803f000000000000803f000080bf0000a0c0000080bf0000803f000000000000803f0000000000000000000000000000000000000000000000000000000000000000000000000000000000000000000000000000803f0000803f000000000000803f000000400000000001000000010000000a00f4010000000000000100000001000000ff000000ff8080000000803f02000000060000000000000000000000000000666c6172653331
1 1469313279 -3268 541 2481 0 -1175 -900 0 9 0 35 0 rock8.rwxcreate light color=red brightness=3
1 1469313279 -3268 292 2481 0 -1175 -900 0 9 0 0 0 rock8.rwx
1 1469313279 -3417 541 -418 0 -1175 -900 0 9 0 35 0 rock8.rwxcreate light color=red brightness=3
1 1469313279 -3417 292 -418 0 -1175 -900 0 9 0 0 0 rock8.rwx
1 1469313279 -3561 750 -655 0 0 0 3 0 0 0 209 0000000000000000000000000000803f0000803f0000803f00000080bf00002041000080bf0000803f000000000000803f000080bf0000a0c0000080bf0000803f000000000000803f0000000000000000000000000000000000000000000000000000000000000000000000000000000000000000000000000000803f0000803f000000000000803f000000400000000001000000010000000a00f4010000000000000100000001000000ff000000ff8080000000803f02000000060000000000000000000000000000666c6172653331
1 1469313279 -2658 750 2984 0 0 0 3 0 0 0 209 0000000000000000000000000000803f0000803f0000803f00000080bf00002041000080bf0000803f000000000000803f000080bf0000a0c0000080bf0000803f000000000000803f0000000000000000000000000000000000000000000000000000000000000000000000000000000000000000000000000000803f0000803f000000000000803f000000400000000001000000010000000a00f4010000000000000100000001000000ff000000ff8080000000803f02000000060000000000000000000000000000666c6172653331
1 1469314707 -2517 293 3231 0 -1175 -900 0 9 0 0 0 rock8.rwx
1 1469314707 -2517 542 3231 0 -1175 -900 0 9 0 35 0 rock8.rwxcreate light color=red brightness=3
1 1469313279 -2618 541 -1418 0 -1175 -900 0 9 0 35 0 rock8.rwxcreate light color=red brightness=3
1 1469313279 -2618 292 -1418 0 -1175 -900 0 9 0 0 0 rock8.rwx
1 1469313279 -2788 750 -1649 0 0 0 3 0 0 0 209 0000000000000000000000000000803f0000803f0000803f00000080bf00002041000080bf0000803f000000000000803f000080bf0000a0c0000080bf0000803f000000000000803f0000000000000000000000000000000000000000000000000000000000000000000000000000000000000000000000000000803f0000803f000000000000803f000000400000000001000000010000000a00f4010000000000000100000001000000ff000000ff8080000000803f02000000060000000000000000000000000000666c6172653331
1 1469313279 -2799 37 -740 1800 0 0 0 10 6 44 0 tree9m.rwxdefendcreate sign "Defend" color=red bcolor=yellow
1 1469313279 -2949 37 -490 1800 0 0 0 10 6 44 0 tree9m.rwxdefendcreate sign "Defend" color=red bcolor=yellow
1 1469313230 -1543 1342 347 1265 -207 305 0 9 0 0 0 rock9.rwx
1 1469313230 -1307 538 365 900 0 0 0 9 13 42 0 sign3.rwxfighting_exitcreate sign "exit" color=white bcolor=blue
1 1469313230 -1117 1542 86 1483 -275 40 0 9 33 61 0 rock9.rwxClick Here To Find The Help Filescreate sign;activate url http://www.activeworlds.com/edu/help
1 1469313230 -1738 1042 825 2276 -312 -55 0 9 0 0 0 rock9.rwx
1 1469313230 -1452 1542 59 1483 -275 40 0 9 0 0 0 rock9.rwx
1 1469313230 -1394 1342 547 2711 8 -362 0 9 0 0 0 rock9.rwx
1 1469313230 -1801 493 1468 3537 -75 -600 0 9 0 0 0 rock9.rwx
1 1469313230 -1140 43 1554 1120 79 83 0 12 0 0 0 rockmod5.rwx
1 1469313230 -1600 891 1072 1983 -437 477 0 9 0 0 0 rock9.rwx
1 1469313230 -1003 -7 1497 1120 79 83 0 12 0 0 0 rockmod5.rwx
1 1469313230 -1776 538 1476 3537 -75 -600 0 9 0 0 0 rock9.rwx
1 1469313230 -1663 792 1196 1983 -437 477 0 9 0 0 0 rock9.rwx
1 1469313230 -1297 43 1565 1120 79 83 0 12 0 0 0 rockmod5.rwx
1 1469313230 -1511 1042 1007 83 270 -172 0 9 0 0 0 rock9.rwx
1 1469313230 -1739 -7 1464 3147 257 -108 0 9 0 0 0 rock9.rwx
1 1469313230 -1206 -7 1527 1120 79 83 0 12 0 0 0 rockmod5.rwx
1 1469313230 -1318 542 3480 0 -1175 -900 0 9 0 35 0 rock8.rwxcreate light color=red brightness=3
1 1469313230 -1471 752 3238 0 0 0 3 0 0 0 209 0000000000000000000000000000803f0000803f0000803f00000080bf00002041000080bf0000803f000000000000803f000080bf0000a0c0000080bf0000803f000000000000803f0000000000000000000000000000000000000000000000000000000000000000000000000000000000000000000000000000803f0000803f000000000000803f000000400000000001000000010000000a00f4010000000000000100000001000000ff000000ff8080000000803f02000000060000000000000000000000000000666c6172653331
1 1469313230 -1318 292 3480 0 -1175 -900 0 9 0 0 0 rock8.rwx
1 1469313230 -1616 37 3914 1800 0 0 0 10 6 44 0 tree9m.rwxdefendcreate sign "Defend" color=red bcolor=yellow
1 1469313361 -1017 542 -2569 0 -1175 -900 0 9 0 0 0 rock8.rwx
1 1469313361 -1017 291 -2569 0 -1175 -900 0 9 0 0 0 rock8.rwx
1 1469313230 -1545 891 -1135 2626 83 292 0 9 33 0 0 rock9.rwxClick Here To Find The Help Files
1 1469313230 -1584 -7 -1684 2376 0 0 0 9 33 0 0 rock9.rwxClick Here To Find The Help Files
1 1469313230 -1390 -7 -1618 2376 0 0 0 9 33 0 0 rock9.rwxClick Here To Find The Help Files
1 1469313230 -1409 443 -1391 2812 -153 370 0 9 0 0 0 rock9.rwx
1 1469313230 -1506 643 -1270 360 -255 -155 0 9 0 0 0 rock9.rwx
1 1469313230 -1340 891 -1161 2626 83 292 0 9 33 0 0 rock9.rwxClick Here To Find The Help Files
1 1469313230 -1595 443 -1302 2812 -153 370 0 9 0 0 0 rock9.rwx
1 1469313230 -1454 1641 -711 362 -267 -146 0 9 33 0 0 rock9.rwxClick Here To Find The Help Files
1 1469313230 -1462 1456 -802 2713 275 460 0 9 0 0 0 rock9.rwx
1 1469313230 -1216 1456 -957 1546 108 -372 0 9 0 0 0 rock9.rwx
1 1469313230 -1248 1656 -331 1145 -245 -472 0 9 0 0 0 rock9.rwx
1 1469313230 -1299 1656 -88 1145 -245 -472 0 9 0 0 0 rock9.rwx
1 1469313165 -394 1541 641 1483 -275 40 0 9 33 61 0 rock9.rwxClick Here To Find The Help Filescreate sign;activate url http://www.activeworlds.com/edu/help
1 1469313165 -555 1541 132 1483 -275 40 0 9 33 61 0 rock9.rwxClick Here To Find The Help Filescreate sign;activate url http://www.activeworlds.com/edu/help
1 1469313165 -867 1541 648 1483 -275 40 0 9 33 61 0 rock9.rwxClick Here To Find The Help Filescreate sign;activate url http://www.activeworlds.com/edu/help
1 1469313165 -420 1541 684 1483 -275 40 0 9 33 61 0 rock9.rwxClick Here To Find The Help Filescreate sign;activate url http://www.activeworlds.com/edu/help
1 1469313165 -167 -157 1684 111 -823 12 0 9 38 38 0 rock9.rwxcreate sound fight_theme_temp.mp3 loopcreate sound fight_theme_temp.mp3 loop
1 1469313165 -511 43 1511 1120 79 83 0 12 0 0 0 rockmod5.rwx
1 1469313165 -733 43 1495 1120 79 83 0 12 0 0 0 rockmod5.rwx
1 1469313165 -429 637 1533 1800 0 0 0 9 13 42 0 sign3.rwxfighting_exitcreate sign "exit" color=white bcolor=blue
1 1469313165 -603 -7 1549 1120 79 83 0 12 0 0 0 rockmod5.rwx
1 1469313857 -825 -7 1533 1120 79 83 0 12 0 0 0 rockmod5.rwx
1 1469313165 -936 43 1525 1120 79 83 0 12 0 0 0 rockmod5.rwx
1 1469313165 -167 37 2214 1800 0 0 0 10 6 44 0 tree9m.rwxdefendcreate sign "Defend" color=red bcolor=yellow
1 1469313165 -167 542 3531 0 -1175 -900 0 9 0 35 0 rock8.rwxcreate light color=red brightness=3
1 1469313165 -317 750 3284 0 0 0 3 0 0 0 209 0000000000000000000000000000803f0000803f0000803f00000080bf00002041000080bf0000803f000000000000803f000080bf0000a0c0000080bf0000803f000000000000803f0000000000000000000000000000000000000000000000000000000000000000000000000000000000000000000000000000803f0000803f000000000000803f000000400000000001000000010000000a00f4010000000000000100000001000000ff000000ff8080000000803f02000000060000000000000000000000000000666c6172653331
1 1469313165 -167 292 3531 0 -1175 -900 0 9 0 0 0 rock8.rwx
1 1469313361 -618 0 -4756 725 0 0 0 12 71 11 0 signmod5.rwxThis pot marks where the players shall be teleported to after the fightcreate sign
1 1469313361 -468 0 -4750 875 0 0 0 4 0 0 0 pot1
1 1469313361 -917 542 -3319 0 -1175 -900 0 9 0 0 0 rock8.rwx
1 1469313361 -917 291 -3319 0 -1175 -900 0 9 0 0 0 rock8.rwx
1 1469313165 -516 1241 -1195 1483 -275 40 0 9 33 0 0 rock9.rwxClick Here To Find The Help Files
1 1469313165 -722 1091 -1437 1483 -275 40 0 9 33 0 0 rock9.rwxClick Here To Find The Help Files
1 1469313165 -731 1241 -1324 1483 -275 40 0 9 33 0 0 rock9.rwxClick Here To Find The Help Files
1 1469313165 -268 1441 -927 1483 -275 40 0 9 33 0 0 rock9.rwxClick Here To Find The Help Files
1 1469313165 -699 1541 -601 1483 -275 40 0 9 33 61 0 rock9.rwxClick Here To Find The Help Filescreate sign;activate url http://www.activeworlds.com/edu/help
1 1469313164 -475 1591 -675 2857 172 -221 0 9 33 0 0 rock9.rwxClick Here To Find The Help Files
1 1469313165 -28 1541 -546 1483 -275 40 0 9 33 61 0 rock9.rwxClick Here To Find The Help Filescreate sign;activate url http://www.activeworlds.com/edu/help
1 1469313164 -429 637 -666 0 0 0 0 9 13 42 0 sign3.rwxfighting_exitcreate sign "exit" color=white bcolor=blue
1 1469313164 -31 1591 -583 237 182 212 0 9 33 0 0 rock9.rwxClick Here To Find The Help Files
1 1469313164 -758 1441 -988 1483 -275 40 0 9 33 61 0 rock9.rwxClick Here To Find The Help Filescreate sign;activate url http://www.activeworlds.com/edu/help