propdump version 4
1 1120673364 -5500 0 2500 0 0 0 0 5 0 0 0 leva1
1 1120673364 -5500 0 3000 0 0 0 0 5 0 0 0 leva1
1 1120673364 -5500 0 3500 0 0 0 0 5 0 0 0 leva1
1 1120673365 -6000 0 -1500 0 0 0 0 5 0 0 0 leva1
1 1120673365 -6000 0 -500 0 0 0 0 5 0 0 0 leva1
1 1120673365 -6000 0 500 0 0 0 0 5 0 0 0 leva1
1 1120673365 -5500 0 -1500 0 0 0 0 5 0 0 0 leva1
1 1120673365 -5500 0 -500 0 0 0 0 5 0 0 0 leva1
1 1120673365 -5500 0 500 0 0 0 0 5 0 0 0 leva1
1 1120673365 -5500 0 1000 0 0 0 0 5 0 0 0 leva1
1 1120673365 -5500 0 1500 0 0 0 0 5 0 0 0 leva1
1 1120673365 -5500 0 2000 0 0 0 0 5 0 0 0 leva1
1 1120673366 -6000 0 -6000 0 0 0 0 5 0 0 0 leva1
1 1120673366 -5500 0 -6000 0 0 0 0 5 0 0 0 leva1
1 1120673366 -5500 0 -5500 0 0 0 0 5 0 0 0 leva1
1 1120673366 -5500 0 -5000 0 0 0 0 5 0 0 0 leva1
1 1120673366 -5500 0 -4000 0 0 0 0 5 0 0 0 leva1
1 1120673366 -5500 0 -3500 0 0 0 0 5 0 0 0 leva1
1 1120673366 -5500 0 -3000 0 0 0 0 5 0 0 0 leva1
1 1120673366 -5500 0 -2500 0 0 0 0 5 0 0 0 leva1
1 1120673366 -5000 0 -6000 0 0 0 0 5 0 0 0 leva1
1 1120673366 -4500 0 -6000 0 0 0 0 5 0 0 0 leva1
1 1120673366 -3000 0 -6000 0 0 0 0 5 0 0 0 leva1
1 1120673366 -2500 0 -6000 0 0 0 0 5 0 0 0 leva1
1 1120673366 -1500 0 -6000 0 0 0 0 5 0 0 0 leva1
1 1120673366 -500 0 -6000 0 0 0 0 5 0 0 0 leva1
1 1120673366 500 0 -6000 0 0 0 0 5 0 0 0 leva1
1 1120673366 1000 0 -6000 0 0 0 0 5 0 0 0 leva1
1 1120673366 2500 0 -6000 0 0 0 0 5 0 0 0 leva1
1 1120673366 3000 0 -6000 0 0 0 0 5 0 0 0 leva1
1 1120673366 3500 0 -6000 0 0 0 0 5 0 0 0 leva1
1 1120673366 3500 0 -5500 0 0 0 0 5 0 0 0 leva1
1 1120673366 3500 0 -5000 0 0 0 0 5 0 0 0 leva1
1 1120673366 3500 0 -4000 0 0 0 0 5 0 0 0 leva1
1 1120673366 3500 0 -3500 0 0 0 0 5 0 0 0 leva1
1 1120673366 3500 0 -3000 0 0 0 0 5 0 0 0 leva1
1 1120673366 3500 0 -2500 0 0 0 0 5 0 0 0 leva1
1 1120673366 4000 0 -6000 0 0 0 0 5 0 0 0 leva1
1 1162583055 3500 0 -4500 0 0 0 0 5 0 0 0 leva1
1 1162583083 -5500 0 -4500 0 0 0 0 5 0 0 0 leva1
1 1162583127 -5500 0 -2000 0 0 0 0 5 0 0 0 leva1
1 1162583133 -5500 0 0 0 0 0 0 5 0 0 0 leva1
1 1162586401 -5500 0 4000 0 0 0 0 5 0 0 0 leva1
1 1162586401 -5000 0 4000 0 0 0 0 5 0 0 0 leva1
1 1162586401 -4500 0 4000 0 0 0 0 5 0 0 0 leva1
1 1162586401 -4000 0 4000 0 0 0 0 5 0 0 0 leva1
1 1162586401 -3500 0 4000 0 0 0 0 5 0 0 0 leva1
1 1162586402 -3000 0 4000 0 0 0 0 5 0 0 0 leva1
1 1162586402 -2500 0 4000 0 0 0 0 5 0 0 0 leva1
1 1162586402 -2000 0 4000 0 0 0 0 5 0 0 0 leva1
1 1162586402 -1500 0 4000 0 0 0 0 5 0 0 0 leva1
1 1162586402 -1000 0 4000 0 0 0 0 5 0 0 0 leva1
1 1162586402 -500 0 4000 0 0 0 0 5 0 0 0 leva1
1 1162586402 0 0 4000 0 0 0 0 5 0 0 0 leva1
1 1162586402 500 0 4000 0 0 0 0 5 0 0 0 leva1
1 1162586402 1000 0 4000 0 0 0 0 5 0 0 0 leva1
1 1162586402 1500 0 4000 0 0 0 0 5 0 0 0 leva1
1 1162586402 2000 0 4000 0 0 0 0 5 0 0 0 leva1
1 1162586402 2500 0 4000 0 0 0 0 5 0 0 0 leva1
1 1162586402 3000 0 4000 0 0 0 0 5 0 0 0 leva1
1 1162586402 3500 0 4000 0 0 0 0 5 0 0 0 leva1
1 1162586474 4000 0 -2500 1800 0 0 0 5 0 0 0 leva1
1 1162586474 4000 0 -1500 1800 0 0 0 5 0 0 0 leva1
1 1162586474 4500 0 -2500 1800 0 0 0 5 0 0 0 leva1
1 1162586474 4500 0 -1500 1800 0 0 0 5 0 0 0 leva1
1 1162586474 5000 0 -2500 1800 0 0 0 5 0 0 0 leva1
1 1162586474 5000 0 -1500 1800 0 0 0 5 0 0 0 leva1
1 1162586474 5500 0 -2500 1800 0 0 0 5 0 0 0 leva1
1 1162586474 5500 0 -1500 1800 0 0 0 5 0 0 0 leva1
1 1162586474 6000 0 -2500 1800 0 0 0 5 0 0 0 leva1
1 1162586474 6000 0 -2000 1800 0 0 0 5 0 0 0 leva1
1 1162586474 6000 0 -1500 1800 0 0 0 5 0 0 0 leva1
1 1162586544 1000 0 -6500 0 0 0 0 5 0 0 0 leva1
1 1162586544 1500 0 -6500 0 0 0 0 5 0 0 0 leva1
1 1162586544 2000 0 -6500 0 0 0 0 5 0 0 0 leva1
1 1162586544 2500 0 -6500 0 0 0 0 5 0 0 0 leva1
1 1162586587 -4500 0 -6500 0 0 0 0 5 0 0 0 leva1
1 1162586587 -4000 0 -6500 0 0 0 0 5 0 0 0 leva1
1 1162586587 -3500 0 -6500 0 0 0 0 5 0 0 0 leva1
1 1162586587 -3000 0 -6500 0 0 0 0 5 0 0 0 leva1
1 1162587202 -2500 0 -8150 0 0 0 0 4 0 0 0 dot1
1 1162587202 -1500 0 -8150 0 0 0 0 4 0 0 0 dot1
1 1162587202 -500 0 -8150 0 0 0 0 4 0 0 0 dot1
1 1162587202 500 0 -8150 0 0 0 0 4 0 0 0 dot1
1 1162587259 4500 0 4000 0 0 0 0 5 0 0 0 leva1
1 1162587259 5000 0 4000 0 0 0 0 5 0 0 0 leva1
1 1162587259 5500 0 4000 0 0 0 0 5 0 0 0 leva1
1 1162587274 4000 0 4000 0 0 0 0 5 0 0 0 leva1
1 1162587294 4000 0 2800 0 0 0 0 5 0 0 0 leva1
1 1162587294 4500 0 2800 0 0 0 0 5 0 0 0 leva1
1 1162587294 5000 0 2800 0 0 0 0 5 0 0 0 leva1
1 1162587294 5500 0 2800 0 0 0 0 5 0 0 0 leva1
1 1162587347 3500 0 2800 0 0 0 0 5 0 0 0 leva1
1 1162587366 3500 0 300 1800 0 0 0 5 0 0 0 leva1
1 1162587366 3500 0 800 0 0 0 0 5 0 0 0 leva1
1 1162587366 3500 0 1300 0 0 0 0 5 0 0 0 leva1
1 1162587366 3500 0 1800 0 0 0 0 5 0 0 0 leva1
1 1162587366 3500 0 2300 0 0 0 0 5 0 0 0 leva1
1 1162587382 4000 0 -700 1800 0 0 0 5 0 0 0 leva1
1 1162587382 4000 0 300 1800 0 0 0 5 0 0 0 leva1
1 1162587382 4500 0 -700 1800 0 0 0 5 0 0 0 leva1
1 1162587382 4500 0 300 1800 0 0 0 5 0 0 0 leva1
1 1162587382 5000 0 -700 1800 0 0 0 5 0 0 0 leva1
1 1162587382 5000 0 300 1800 0 0 0 5 0 0 0 leva1
1 1162587382 5500 0 -700 1800 0 0 0 5 0 0 0 leva1
1 1162587382 5500 0 300 1800 0 0 0 5 0 0 0 leva1
1 1162587382 6000 0 -700 1800 0 0 0 5 0 0 0 leva1
1 1162587382 6000 0 -200 1800 0 0 0 5 0 0 0 leva1
1 1162587382 6000 0 300 1800 0 0 0 5 0 0 0 leva1
1 1162587406 6000 0 2650 0 0 0 0 5 0 0 0 leva1
1 1162587406 6000 0 3150 0 0 0 0 5 0 0 0 leva1
1 1162587406 6000 0 3650 0 0 0 0 5 0 0 0 leva1
1 1162587473 -2000 0 -6150 0 0 0 0 4 0 0 0 dot1
1 1162587473 -1000 0 -6150 0 0 0 0 4 0 0 0 dot1
1 1162587473 0 0 -6150 0 0 0 0 4 0 0 0 dot1
1 1162594678 -6050 0 -1000 0 0 0 0 4 0 0 0 dot1
1 1162594678 -5550 0 -1000 0 0 0 0 4 0 0 0 dot1
1 1162594687 -7050 0 -1000 0 0 0 0 4 0 0 0 dot1
1 1162594687 -6550 0 -1000 0 0 0 0 4 0 0 0 dot1
1 1162839664 2450 -100 -8350 0 0 0 3 0 0 0 219 000000000000000000000000000000000000000000000000000000000000000040000000000000000000000040000000000000000000000000000000000000000000000000000000000000b44200000000000000000000b442000000000000000000008c42000000000000000000008c420000000000000000000070430000803f00000000000070430000803f00000000820000008200000001005046000000000000e803000088130000544aff00c8c4ff00295c0f3e02010002100000000000000000000000000000635f6d6f6f6e313a635f6d6f6f6e316d00
1 1162839709 2450 -100 5850 0 0 0 3 0 0 0 219 000000000000000000000000000000000000000000000000000000000000000040000000000000000000000040000000000000000000000000000000000000000000000000000000000000b44200000000000000000000b442000000000000000000008c42000000000000000000008c420000000000000000000070430000803f00000000000070430000803f00000000820000008200000001005046000000000000e8030000881300006259ff00c7c4ff00295c0f3e02010002100000000000000000000000000000635f6d6f6f6e313a635f6d6f6f6e316d00
1 1162841026 12000 0 -2300 0 0 0 0 4 0 0 0 dot1
1 1162841026 12500 0 -2300 0 0 0 0 4 0 0 0 dot1
1 1162841075 3903 0 -1113 3552 0 0 0 4 0 0 0 dot1
1 1162841075 4403 0 -1113 3552 0 0 0 4 0 0 0 dot1
1 1162841075 4903 0 -1113 3552 0 0 0 4 0 0 0 dot1
1 1162841075 5403 0 -1113 3552 0 0 0 4 0 0 0 dot1
1 1162841100 4475 0 -2013 3552 0 0 0 4 0 0 0 dot1
1 1162841100 4975 0 -2013 3552 0 0 0 4 0 0 0 dot1
1 1162841100 5475 0 -2013 3552 0 0 0 4 0 0 0 dot1
1 1162841106 4323 0 -113 3552 0 0 0 4 0 0 0 dot1
1 1162841106 4823 0 -113 3552 0 0 0 4 0 0 0 dot1
1 1162841106 5323 0 -113 3552 0 0 0 4 0 0 0 dot1
1 1162841162 -3750 0 -6150 0 0 0 0 4 0 0 0 dot1
1 1162841615 -7500 5000 -6100 0 0 0 3 0 0 0 208 000000000000000000000000000000000000000000000000000000b04100000000000000000000b04100000000000000000000000000000000000000000000000000000000000000000000000000000000000000000000000000000000000000000000000000000000000000000000000000000000000000000000803f0000803f0000803f0000803f0000803f0000803f64000000640000000100701700000000000000000000e8030000ffffff00ffffff000000803f01000001050000000000000000000000000000635f73756e6d
1 1162841615 -7500 5000 5950 0 0 0 3 0 0 0 208 0000000000000000000000000000000000000000000000000000000000000000000000b0c100000000000000000000b0c10000000000000000000000000000000000000000000000000000000000000000000000000000000000000000000000000000000000000000000000000000000000000000000000000000803f0000803f0000803f0000803f0000803f0000803f64000000640000000100701700000000000000000000e8030000ffffff00ffffff000000803f01000001050000000000000000000000000000635f73756e6d
1 1162841615 6200 5000 -6050 0 0 0 3 0 0 0 208 0000000000000000000000000000000000000000000000000000000000000000000000b04100000000000000000000b0410000000000000000000000000000000000000000000000000000000000000000000000000000000000000000000000000000000000000000000000000000000000000000000000000000803f0000803f0000803f0000803f0000803f0000803f64000000640000000100701700000000000000000000e8030000ffffff00ffffff000000803f01000001050000000000000000000000000000635f73756e6d
1 1162841615 6650 5000 5800 0 0 0 3 0 0 0 208 000000000000000000000000000000000000000000000000000000b0c100000000000000000000b0c100000000000000000000000000000000000000000000000000000000000000000000000000000000000000000000000000000000000000000000000000000000000000000000000000000000000000000000803f0000803f0000803f0000803f0000803f0000803f64000000640000000100701700000000000000000000e8030000ffffff00ffffff000000803f01000001050000000000000000000000000000635f73756e6d
1 1162842503 -10050 -2600 -5400 0 0 0 3 0 0 0 212 00000000000000000000000000000000000000000000000000000000000000e04000000000000000000000e040000000000000000000000000000000000000000000000000000000000000b44200000000000000000000b442000000000000000000000000000000000000b44200000000000000000000b44300004040000040400000803f0000a0400000a0400000803f64000000640000000100c40900000000000000000000d007000080400000ff80ff000000803f01030002090000000000000000000000000000705f627562626c653200
1 1162842503 -10050 -2600 -1950 0 0 0 3 0 0 0 212 00000000000000000000000000000000000000000000000000000000000000e04000000000000000000000e040000000000000000000000000000000000000000000000000000000000000b44200000000000000000000b442000000000000000000000000000000000000b44200000000000000000000b44300004040000040400000803f0000a0400000a0400000803f64000000640000000100c40900000000000000000000d007000080400000ff80ff000000803f01030002090000000000000000000000000000705f627562626c653200
1 1162842503 -10050 -2600 1200 0 0 0 3 0 0 0 212 00000000000000000000000000000000000000000000000000000000000000e04000000000000000000000e040000000000000000000000000000000000000000000000000000000000000b44200000000000000000000b442000000000000000000000000000000000000b44200000000000000000000b44300004040000040400000803f0000a0400000a0400000803f64000000640000000100c40900000000000000000000d007000080400000ff80ff000000803f01030002090000000000000000000000000000705f627562626c653200
1 1162842539 8200 -2600 1200 0 0 0 3 0 0 0 212 00000000000000000000000000000000000000000000000000000000000000e04000000000000000000000e040000000000000000000000000000000000000000000000000000000000000b44200000000000000000000b442000000000000000000000000000000000000b44200000000000000000000b44300004040000040400000803f0000a0400000a0400000803f64000000640000000100c40900000000000000000000d007000080400000ff80ff000000803f01030002090000000000000000000000000000705f627562626c653200
1 1162842540 8200 -2600 -5400 0 0 0 3 0 0 0 212 00000000000000000000000000000000000000000000000000000000000000e04000000000000000000000e040000000000000000000000000000000000000000000000000000000000000b44200000000000000000000b442000000000000000000000000000000000000b44200000000000000000000b44300004040000040400000803f0000a0400000a0400000803f64000000640000000100c40900000000000000000000d007000080400000ff80ff000000803f01030002090000000000000000000000000000705f627562626c653200
1 1162842540 8200 -2600 -1950 0 0 0 3 0 0 0 212 00000000000000000000000000000000000000000000000000000000000000e04000000000000000000000e040000000000000000000000000000000000000000000000000000000000000b44200000000000000000000b442000000000000000000000000000000000000b44200000000000000000000b44300004040000040400000803f0000a0400000a0400000803f64000000640000000100c40900000000000000000000d007000080400000ff80ff000000803f01030002090000000000000000000000000000705f627562626c653200
1 1162842748 -4550 1450 -600 0 0 0 3 0 0 0 211 00000000000000000000000000000000000000000000000000000000000000000000000000000000000000000000000000000000000000000000000000000000000000000000000000000000000000000000000000000000000000000000000000000002c3000002c3000048c200000243000002430000204200002041000020410000003f0000c8410ad7233c0ad7233cc80000002c0100000100d007000000000000f4010000f4010000ffffff000000ff000000803f01010002080000000000000000000000000000635f666c6172653200
1 1162842769 2250 1450 -600 0 0 0 3 0 0 0 211 00000000000000000000000000000000000000000000000000000000000000000000000000000000000000000000000000000000000000000000000000000000000000000000000000000000000000000000000000000000000000000000000000000002c3000002c3000048c200000243000002430000204200002041000020410000003f0000c8410ad7233c0ad7233cc80000002c0100000100d007000000000000f4010000f4010000ffffff000000ff000000803f01010002080000000000000000000000000000635f666c6172653200
1 1162842972 -1150 2100 -900 0 0 0 3 0 0 0 212 00000000000000000000000000000000000000000000000000000000000000000000001041000000000000000000001041000000000000000000000000000000000000000000000000000000000000000000000000000000000000000000000000000000000000000000000000000000000000000000000000cdcccc3d000070410000803f00007041cdcccc3d0000803f64000000c80000000100e8030000000000000000000000000000ff00ff0000ffff000000803f01010002090000000000000000000000000000705f636f726f6e613100
1 1162843083 6000 0 4150 0 0 0 0 5 0 0 0 leva1
1 1162846313 -950 1000 -1300 0 0 0 0 2 0 32 0 sbcreate visible off, sound m3.wav
1 1163093293 -200 750 -1000 0 0 0 2 0 0 0 51 000048430000484300004843000000000000400000803f4000ffffff00b004c409000000000000000000000000000000000000
1 1165594288 2450 -450 5820 0 0 0 3 0 0 0 219 0000000000000000000000000000000000000000000000000000000000000000c00000000000000000000000c0000000000000000000000000000000000000000000000000000000000000b44200000000000000000000b442000000000000000000008c42000000000000000000008c420000000000000000000070430000803f00000000000070430000803f00000000820000008200000001005046000000000000e803000088130000544aff00c8c4ff00295c0f3e02010002100000000000000000000000000000635f6d6f6f6e313a635f6d6f6f6e316d00
1 1165594342 2450 -400 -8350 0 0 0 3 0 0 0 219 0000000000000000000000000000000000000000000000000000000000000000c00000000000000000000000c0000000000000000000000000000000000000000000000000000000000000b44200000000000000000000b442000000000000000000008c42000000000000000000008c420000000000000000000070430000803f00000000000070430000803f00000000820000008200000001005046000000000000e803000088130000544aff00c8c4ff00295c0f3e02010002100000000000000000000000000000635f6d6f6f6e313a635f6d6f6f6e316d00
1 1752868361 -250 1000 -950 0 0 0 0 2 0 126 0 sbcreate visible off, media url=http://connect.miuchiz.com/objects/sounds/mz_core_maze_SMX139_56.mp3 fx=3d radius=200 loop=99999
1 1752869356 3800 0 3400 0 0 0 0 7 0 41 0 faces15create name MazeW, visible off, solid off
1 1786438121 -5350 0 -5450 900 0 0 0 7 0 17 0 leva1sbcreate name MazeW
1 1786438121 -5350 0 -4650 900 0 0 0 7 0 17 0 leva1sbcreate name MazeW
1 1786438121 -5350 0 -3850 900 0 0 0 7 0 17 0 leva1sbcreate name MazeW
1 1786438121 -5350 0 -3050 900 0 0 0 7 0 17 0 leva1sbcreate name MazeW
1 1786438121 -5350 0 -2250 900 0 0 0 7 0 17 0 leva1sbcreate name MazeW
1 1786438121 -5350 0 -1450 900 0 0 0 7 0 17 0 leva1sbcreate name MazeW
1 1786438121 -5350 0 -650 900 0 0 0 7 0 17 0 leva1sbcreate name MazeW
1 1786438121 -5350 0 150 900 0 0 0 7 0 17 0 leva1sbcreate name MazeW
1 1786438121 -5350 0 950 900 0 0 0 7 0 17 0 leva1sbcreate name MazeW
1 1786438121 -5350 0 1750 900 0 0 0 7 0 17 0 leva1sbcreate name MazeW
1 1786438121 -5350 0 2550 900 0 0 0 7 0 17 0 leva1sbcreate name MazeW
1 1786438121 -4950 0 -5850 0 0 0 0 7 0 17 0 leva1sbcreate name MazeW
1 1786438121 -4950 0 -5050 0 0 0 0 7 0 17 0 leva1sbcreate name MazeW
1 1786438121 -4950 0 2150 0 0 0 0 7 0 17 0 leva1sbcreate name MazeW
1 1786438121 -4950 0 2950 0 0 0 0 7 0 17 0 leva1sbcreate name MazeW
1 1786438121 -4550 0 -3850 900 0 0 0 7 0 17 0 leva1sbcreate name MazeW
1 1786438121 -4550 0 -3050 900 0 0 0 7 0 17 0 leva1sbcreate name MazeW
1 1786438121 -4550 0 -2250 900 0 0 0 7 0 17 0 leva1sbcreate name MazeW
1 1786438121 -4550 0 -1450 900 0 0 0 7 0 17 0 leva1sbcreate name MazeW
1 1786438121 -4550 0 150 900 0 0 0 7 0 17 0 leva1sbcreate name MazeW
1 1786438121 -4550 0 950 900 0 0 0 7 0 17 0 leva1sbcreate name MazeW
1 1786438121 -4150 0 -5850 0 0 0 0 7 0 17 0 leva1sbcreate name MazeW
1 1786438121 -4150 0 -5050 0 0 0 0 7 0 17 0 leva1sbcreate name MazeW
1 1786438121 -4150 0 -3450 0 0 0 0 7 0 17 0 leva1sbcreate name MazeW
1 1786438121 -4150 0 -1050 0 0 0 0 7 0 17 0 leva1sbcreate name MazeW
1 1786438121 -4150 0 550 0 0 0 0 7 0 17 0 leva1sbcreate name MazeW
1 1786438121 -4150 0 1350 0 0 0 0 7 0 17 0 leva1sbcreate name MazeW
1 1786438121 -4150 0 2950 0 0 0 0 7 0 17 0 leva1sbcreate name MazeW
1 1786438121 -3750 0 -4650 900 0 0 0 7 0 17 0 leva1sbcreate name MazeW
1 1786438121 -3750 0 -3850 900 0 0 0 7 0 17 0 leva1sbcreate name MazeW
1 1786438121 -3750 0 -2250 900 0 0 0 7 0 17 0 leva1sbcreate name MazeW
1 1786438121 -3750 0 -650 900 0 0 0 7 0 17 0 leva1sbcreate name MazeW
1 1786438121 -3750 0 1750 900 0 0 0 7 0 17 0 leva1sbcreate name MazeW
1 1786438121 -3350 0 -5850 0 0 0 0 7 0 17 0 leva1sbcreate name MazeW
1 1786438121 -3350 0 -5050 0 0 0 0 7 0 17 0 leva1sbcreate name MazeW
1 1786438121 -3350 0 -2650 0 0 0 0 7 0 17 0 leva1sbcreate name MazeW
1 1786438121 -3350 0 -1050 0 0 0 0 7 0 17 0 leva1sbcreate name MazeW
1 1786438121 -3350 0 550 0 0 0 0 7 0 17 0 leva1sbcreate name MazeW
1 1786438121 -3350 0 2150 0 0 0 0 7 0 17 0 leva1sbcreate name MazeW
1 1786438121 -3350 0 2950 0 0 0 0 7 0 17 0 leva1sbcreate name MazeW
1 1786438121 -2950 0 -3850 900 0 0 0 7 0 17 0 leva1sbcreate name MazeW
1 1786438121 -2950 0 -3050 900 0 0 0 7 0 17 0 leva1sbcreate name MazeW
1 1786438121 -2950 0 -1450 900 0 0 0 7 0 17 0 leva1sbcreate name MazeW
1 1786438121 -2950 0 150 900 0 0 0 7 0 17 0 leva1sbcreate name MazeW
1 1786438121 -2550 0 -5850 0 0 0 0 7 0 17 0 leva1sbcreate name MazeW
1 1786438121 -2550 0 -4250 0 0 0 0 7 0 17 0 leva1sbcreate name MazeW
1 1786438121 -2550 0 -1850 0 0 0 0 7 0 17 0 leva1sbcreate name MazeW
1 1786438121 -2550 0 -250 0 0 0 0 7 0 17 0 leva1sbcreate name MazeW
1 1786438121 -2550 0 1350 0 0 0 0 7 0 17 0 leva1sbcreate name MazeW
1 1786438121 -2550 0 2950 0 0 0 0 7 0 17 0 leva1sbcreate name MazeW
1 1786438121 -2150 0 -5450 900 0 0 0 7 0 17 0 leva1sbcreate name MazeW
1 1786438121 -2150 0 -4650 900 0 0 0 7 0 17 0 leva1sbcreate name MazeW
1 1786438121 -2150 0 -3050 900 0 0 0 7 0 17 0 leva1sbcreate name MazeW
1 1786438121 -2150 0 -2250 900 0 0 0 7 0 17 0 leva1sbcreate name MazeW
1 1786438121 -2150 0 -650 900 0 0 0 7 0 17 0 leva1sbcreate name MazeW
1 1786438121 -2150 0 950 900 0 0 0 7 0 17 0 leva1sbcreate name MazeW
1 1786438121 -2150 0 1750 900 0 0 0 7 0 17 0 leva1sbcreate name MazeW
1 1786438121 -2150 0 2550 900 0 0 0 7 0 17 0 leva1sbcreate name MazeW
1 1786438121 -1750 0 -5850 0 0 0 0 7 0 17 0 leva1sbcreate name MazeW
1 1786438121 -1750 0 -5450 0 0 0 0 3 0 189 0 c0dcreate     name MazeP,    solid off,    light radius=50 color=white fx=fire,    corona c_soft1 size=5,    rotate 0 10 0;bump     visible off global,    corona c_soft1 size=0 global;
1 1786438121 -1750 0 -4650 0 0 0 0 3 0 191 0 c7dcreate     name MazeP,    solid off,    light radius=50 color=orange fx=fire,    corona c_soft1 size=25,    rotate 0 10 0;bump     visible off global,    corona c_soft1 size=0 global;
1 1786438121 -1750 0 -4250 0 0 0 0 7 0 17 0 leva1sbcreate name MazeW
1 1786438121 -1750 0 -3450 0 0 0 0 7 0 17 0 leva1sbcreate name MazeW
1 1786438121 -1750 0 -1050 0 0 0 0 7 0 17 0 leva1sbcreate name MazeW
1 1786438121 -1750 0 550 0 0 0 0 7 0 17 0 leva1sbcreate name MazeW
1 1786438121 -1750 0 2150 0 0 0 0 7 0 17 0 leva1sbcreate name MazeW
1 1786438121 -1750 0 2550 0 0 0 0 3 0 191 0 c4dcreate     name MazeP,    solid off,    light radius=50 color=orchid fx=fire,    corona c_soft1 size=20,    rotate 0 10 0;bump     visible off global,    corona c_soft1 size=0 global;
1 1786438121 -1750 0 2950 0 0 0 0 7 0 17 0 leva1sbcreate name MazeW
1 1786438121 -1350 0 -2250 900 0 0 0 7 0 17 0 leva1sbcreate name MazeW
1 1786438121 -1350 0 -1450 900 0 0 0 7 0 17 0 leva1sbcreate name MazeW
1 1786438121 -1350 0 150 900 0 0 0 7 0 17 0 leva1sbcreate name MazeW
1 1786438121 -950 0 -5850 0 0 0 0 7 0 17 0 leva1sbcreate name MazeW
1 1786438121 -950 0 -5050 0 0 0 0 7 0 17 0 leva1sbcreate name MazeW
1 1786438121 -950 0 -4250 0 0 0 0 7 0 17 0 leva1sbcreate name MazeW
1 1786438121 -950 0 -2650 0 0 0 0 7 0 17 0 leva1sbcreate name MazeW
1 1786438121 -950 0 -1050 0 0 0 0 7 0 17 0 leva1sbcreate name MazeW
1 1786438121 -950 0 1350 0 0 0 0 7 0 17 0 leva1sbcreate name MazeW
1 1786438121 -950 0 2150 0 0 0 0 7 0 17 0 leva1sbcreate name MazeW
1 1786438121 -950 0 2950 0 0 0 0 7 0 17 0 leva1sbcreate name MazeW
1 1786438121 -550 0 -3850 900 0 0 0 7 0 17 0 leva1sbcreate name MazeW
1 1786438121 -550 0 -3050 900 0 0 0 7 0 17 0 leva1sbcreate name MazeW
1 1786438121 -550 0 -650 900 0 0 0 7 0 17 0 leva1sbcreate name MazeW
1 1786438121 -550 0 150 900 0 0 0 7 0 17 0 leva1sbcreate name MazeW
1 1786438121 -550 0 950 900 0 0 0 7 0 17 0 leva1sbcreate name MazeW
1 1786438121 -150 0 -5850 0 0 0 0 7 0 17 0 leva1sbcreate name MazeW
1 1786438121 -150 0 -5450 0 0 0 0 3 0 190 0 c1dcreate     name MazeP,    solid off,    light radius=50 color=green fx=fire,    corona c_soft1 size=10,    rotate 0 10 0;bump     visible off global,    corona c_soft1 size=0 global;
1 1786438121 -150 0 -5050 0 0 0 0 7 0 17 0 leva1sbcreate name MazeW
1 1786438121 -150 0 -1850 0 0 0 0 7 0 17 0 leva1sbcreate name MazeW
1 1786438121 -150 0 -250 0 0 0 0 7 0 17 0 leva1sbcreate name MazeW
1 1786438121 -150 0 2150 0 0 0 0 7 0 17 0 leva1sbcreate name MazeW
1 1786438121 -150 0 2950 0 0 0 0 7 0 17 0 leva1sbcreate name MazeW
1 1786438121 250 0 -4650 900 0 0 0 7 0 17 0 leva1sbcreate name MazeW
1 1786438121 250 0 -3850 900 0 0 0 7 0 17 0 leva1sbcreate name MazeW
1 1786438121 250 0 -3050 900 0 0 0 7 0 17 0 leva1sbcreate name MazeW
1 1786438121 250 0 -2250 900 0 0 0 7 0 17 0 leva1sbcreate name MazeW
1 1786438121 250 0 -1450 900 0 0 0 7 0 17 0 leva1sbcreate name MazeW
1 1786438121 250 0 -650 900 0 0 0 7 0 17 0 leva1sbcreate name MazeW
1 1786438121 250 0 950 900 0 0 0 7 0 17 0 leva1sbcreate name MazeW
1 1786438121 250 0 1750 900 0 0 0 7 0 17 0 leva1sbcreate name MazeW
1 1786438121 650 0 -5850 0 0 0 0 7 0 17 0 leva1sbcreate name MazeW
1 1786438121 650 0 -5050 0 0 0 0 7 0 17 0 leva1sbcreate name MazeW
1 1786438121 650 0 -2650 0 0 0 0 7 0 17 0 leva1sbcreate name MazeW
1 1786438121 650 0 -250 0 0 0 0 7 0 17 0 leva1sbcreate name MazeW
1 1786438121 650 0 1350 0 0 0 0 7 0 17 0 leva1sbcreate name MazeW
1 1786438121 650 0 2550 0 0 0 0 3 0 190 0 c1dcreate     name MazeP,    solid off,    light radius=50 color=green fx=fire,    corona c_soft1 size=10,    rotate 0 10 0;bump     visible off global,    corona c_soft1 size=0 global;
1 1786438121 650 0 2950 0 0 0 0 7 0 17 0 leva1sbcreate name MazeW
1 1786438121 1050 0 -3850 900 0 0 0 7 0 17 0 leva1sbcreate name MazeW
1 1786438121 1050 0 -1450 900 0 0 0 7 0 17 0 leva1sbcreate name MazeW
1 1786438121 1050 0 150 900 0 0 0 7 0 17 0 leva1sbcreate name MazeW
1 1786438121 1050 0 2550 900 0 0 0 7 0 17 0 leva1sbcreate name MazeW
1 1786438121 1450 0 -5850 0 0 0 0 7 0 17 0 leva1sbcreate name MazeW
1 1786438121 1450 0 -5050 0 0 0 0 7 0 17 0 leva1sbcreate name MazeW
1 1786438121 1450 0 -4250 0 0 0 0 7 0 17 0 leva1sbcreate name MazeW
1 1786438121 1450 0 -3050 0 0 0 0 3 0 189 0 c3dcreate     name MazeP,    solid off,    light radius=50 color=blue fx=fire,    corona c_soft1 size=15,    rotate 0 10 0;bump     visible off global,    corona c_soft1 size=0 global;
1 1786438121 1450 0 -2650 0 0 0 0 7 0 17 0 leva1sbcreate name MazeW
1 1786438121 1450 0 -2250 0 0 0 0 3 0 189 0 c0dcreate     name MazeP,    solid off,    light radius=50 color=white fx=fire,    corona c_soft1 size=5,    rotate 0 10 0;bump     visible off global,    corona c_soft1 size=0 global;
1 1786438121 1450 0 -1850 0 0 0 0 7 0 17 0 leva1sbcreate name MazeW
1 1786438121 1450 0 -1450 0 0 0 0 3 0 191 0 c7dcreate     name MazeP,    solid off,    light radius=50 color=orange fx=fire,    corona c_soft1 size=25,    rotate 0 10 0;bump     visible off global,    corona c_soft1 size=0 global;
1 1786438121 1450 0 550 0 0 0 0 7 0 17 0 leva1sbcreate name MazeW
1 1786438121 1450 0 1350 0 0 0 0 7 0 17 0 leva1sbcreate name MazeW
1 1786438121 1450 0 2950 0 0 0 0 7 0 17 0 leva1sbcreate name MazeW
1 1786438121 1850 0 -650 900 0 0 0 7 0 17 0 leva1sbcreate name MazeW
1 1786438121 1850 0 150 900 0 0 0 7 0 17 0 leva1sbcreate name MazeW
1 1786438121 1850 0 1750 900 0 0 0 7 0 17 0 leva1sbcreate name MazeW
1 1786438121 2250 0 -5850 0 0 0 0 7 0 17 0 leva1sbcreate name MazeW
1 1786438121 2250 0 -5050 0 0 0 0 7 0 17 0 leva1sbcreate name MazeW
1 1786438121 2250 0 -4250 0 0 0 0 7 0 17 0 leva1sbcreate name MazeW
1 1786438121 2250 0 -3450 0 0 0 0 7 0 17 0 leva1sbcreate name MazeW
1 1786438121 2250 0 -2650 0 0 0 0 7 0 17 0 leva1sbcreate name MazeW
1 1786438121 2250 0 -2250 0 0 0 0 3 0 190 0 c1dcreate     name MazeP,    solid off,    light radius=50 color=green fx=fire,    corona c_soft1 size=10,    rotate 0 10 0;bump     visible off global,    corona c_soft1 size=0 global;
1 1786438121 2250 0 -1850 0 0 0 0 7 0 17 0 leva1sbcreate name MazeW
1 1786438121 2250 0 -1050 0 0 0 0 7 0 17 0 leva1sbcreate name MazeW
1 1786438121 2250 0 1350 0 0 0 0 7 0 17 0 leva1sbcreate name MazeW
1 1786438121 2650 0 -3050 900 0 0 0 7 0 17 0 leva1sbcreate name MazeW
1 1786438121 2650 0 150 900 0 0 0 7 0 17 0 leva1sbcreate name MazeW
1 1786438121 2650 0 950 900 0 0 0 7 0 17 0 leva1sbcreate name MazeW
1 1786438121 3050 0 -5850 0 0 0 0 7 0 17 0 leva1sbcreate name MazeW
1 1786438121 3050 0 -5450 0 0 0 0 3 0 189 0 c3dcreate     name MazeP,    solid off,    light radius=50 color=blue fx=fire,    corona c_soft1 size=15,    rotate 0 10 0;bump     visible off global,    corona c_soft1 size=0 global;
1 1786438121 3050 0 -4650 0 0 0 0 3 0 189 0 c0dcreate     name MazeP,    solid off,    light radius=50 color=white fx=fire,    corona c_soft1 size=5,    rotate 0 10 0;bump     visible off global,    corona c_soft1 size=0 global;
1 1786438121 3050 0 -4250 0 0 0 0 7 0 17 0 leva1sbcreate name MazeW
1 1786438121 3050 0 -3850 0 0 0 0 3 0 189 0 c0dcreate     name MazeP,    solid off,    light radius=50 color=white fx=fire,    corona c_soft1 size=5,    rotate 0 10 0;bump     visible off global,    corona c_soft1 size=0 global;
1 1786438121 3050 0 -1850 0 0 0 0 7 0 17 0 leva1sbcreate name MazeW
1 1786438121 3050 0 2150 0 0 0 0 7 0 17 0 leva1sbcreate name MazeW
1 1786438121 3050 0 2950 0 0 0 0 7 0 17 0 leva1sbcreate name MazeW
1 1786438121 3450 0 -5450 900 0 0 0 7 0 17 0 leva1sbcreate name MazeW
1 1786438121 3450 0 -4650 900 0 0 0 7 0 17 0 leva1sbcreate name MazeW
1 1786438121 3450 0 -3850 900 0 0 0 7 0 17 0 leva1sbcreate name MazeW
1 1786438121 3450 0 -3050 900 0 0 0 7 0 17 0 leva1sbcreate name MazeW
1 1786438121 3450 0 -2250 900 0 0 0 7 0 17 0 leva1sbcreate name MazeW
1 1786438121 3450 0 -1450 900 0 0 0 7 0 17 0 leva1sbcreate name MazeW
1 1786438121 3450 0 -650 900 0 0 0 7 0 17 0 leva1sbcreate name MazeW
1 1786438121 3450 0 150 900 0 0 0 7 0 17 0 leva1sbcreate name MazeW
1 1786438121 3450 0 950 900 0 0 0 7 0 17 0 leva1sbcreate name MazeW
1 1786438121 3450 0 1750 900 0 0 0 7 0 17 0 leva1sbcreate name MazeW
1 1786438121 3450 0 2550 900 0 0 0 7 0 17 0 leva1sbcreate name MazeW
1 1786438127 -4150 0 -5450 0 0 0 0 3 0 145 0 c0dcreate                                   name MazeP,                                  solid off,                                  visible off;
1 1786438131 -3350 0 -3050 0 0 0 0 3 0 145 0 c0dcreate                                   name MazeP,                                  solid off,                                  visible off;
1 1786438132 -4150 0 -2250 0 0 0 0 3 0 145 0 c7dcreate                                   name MazeP,                                  solid off,                                  visible off;
1 1786438135 -2550 0 -3050 0 0 0 0 3 0 145 0 c1dcreate                                   name MazeP,                                  solid off,                                  visible off;
1 1786438142 -3350 0 150 0 0 0 0 3 0 145 0 c0dcreate                                   name MazeP,                                  solid off,                                  visible off;
1 1786438144 -4150 0 -650 0 0 0 0 3 0 145 0 c3dcreate                                   name MazeP,                                  solid off,                                  visible off;
1 1786438145 -4950 0 -650 0 0 0 0 3 0 145 0 c0dcreate                                   name MazeP,                                  solid off,                                  visible off;
1 1786438146 -4950 0 150 0 0 0 0 3 0 145 0 c3dcreate                                   name MazeP,                                  solid off,                                  visible off;
1 1786438148 -4950 0 1750 0 0 0 0 3 0 145 0 c4dcreate                                   name MazeP,                                  solid off,                                  visible off;
1 1786438150 -3350 0 2550 0 0 0 0 3 0 145 0 c4dcreate                                   name MazeP,                                  solid off,                                  visible off;
1 1786438151 -2550 0 2550 0 0 0 0 3 0 145 0 c3dcreate                                   name MazeP,                                  solid off,                                  visible off;
1 1786438153 -3350 0 950 0 0 0 0 3 0 145 0 c1dcreate                                   name MazeP,                                  solid off,                                  visible off;
1 1786438155 -1750 0 150 0 0 0 0 3 0 145 0 c1dcreate                                   name MazeP,                                  solid off,                                  visible off;
1 1786438158 -950 0 950 0 0 0 0 3 0 145 0 c0dcreate                                   name MazeP,                                  solid off,                                  visible off;
1 1786438160 -1750 0 1750 0 0 0 0 3 0 145 0 c3dcreate                                   name MazeP,                                  solid off,                                  visible off;
1 1786438162 -150 0 950 0 0 0 0 3 0 145 0 c1dcreate                                   name MazeP,                                  solid off,                                  visible off;
1 1786438164 650 0 150 0 0 0 0 3 0 145 0 c0dcreate                                   name MazeP,                                  solid off,                                  visible off;
1 1786438166 2250 0 950 0 0 0 0 3 0 145 0 c4dcreate                                   name MazeP,                                  solid off,                                  visible off;
1 1786438168 3050 0 150 0 0 0 0 3 0 145 0 c1dcreate                                   name MazeP,                                  solid off,                                  visible off;
1 1786438173 3750 0 3400 0 0 0 0 3 0 56 0 c5ecreate     name MazeGP,    solid off,    visible off;