elevdump version 2
0 0 0 0 4 1 1 0 0
0 0 0 8 4 1 1 0 0
0 0 0 16 4 1 1 0 0
0 0 0 24 4 1 1 0 0
0 0 0 32 4 1 1 0 0
0 0 0 40 4 1 1 0 0
0 0 0 48 4 1 1 0 0
0 0 0 56 4 1 1 0 0
0 0 0 64 4 1 1 0 0
0 0 0 72 4 1 1 0 0
0 0 0 80 4 1 1 0 0
0 0 0 88 4 1 1 0 0
0 0 0 96 4 1 1 0 0
0 0 0 104 4 1 1 0 0
0 0 0 112 4 1 1 0 0
0 0 0 120 4 1 1 0 0
0 0 8 0 4 1 1 0 0
0 0 8 8 4 1 1 0 0
0 0 8 16 4 1 1 0 0
0 0 8 24 4 1 1 0 0
0 0 8 32 4 1 1 0 0
0 0 8 40 4 1 1 0 0
0 0 8 48 4 1 1 0 0
0 0 8 56 4 1 1 0 0
0 0 8 64 4 1 1 0 0
0 0 8 72 4 1 1 0 0
0 0 8 80 4 1 1 0 0
0 0 8 88 4 1 1 0 0
0 0 8 96 4 1 1 0 0
0 0 8 104 4 1 1 0 0
0 0 8 112 4 1 1 0 0
0 0 8 120 4 1 1 0 0
0 0 16 0 4 1 1 0 0
0 0 16 8 4 1 1 0 0
0 0 16 16 4 1 1 0 0
0 0 16 24 4 1 1 0 0
0 0 16 32 4 1 1 0 0
0 0 16 40 4 1 1 0 0
0 0 16 48 4 1 1 0 0
0 0 16 56 4 1 1 0 0
0 0 16 64 4 1 1 0 0
0 0 16 72 4 1 1 0 0
0 0 16 80 4 1 1 0 0
0 0 16 88 4 1 1 0 0
0 0 16 96 4 1 1 0 0
0 0 16 104 4 1 1 0 0
0 0 16 112 4 1 1 0 0
0 0 16 120 4 1 1 0 0
0 0 24 0 4 1 1 0 0
0 0 24 8 4 1 1 0 0
0 0 24 16 4 1 1 0 0
0 0 24 24 4 1 1 0 0
0 0 24 32 4 1 1 0 0
0 0 24 40 4 1 1 0 0
0 0 24 48 4 1 1 0 0
0 0 24 56 4 1 1 0 0
0 0 24 64 4 1 1 0 0
0 0 24 72 4 1 1 0 0
0 0 24 80 4 1 1 0 0
0 0 24 88 4 1 1 0 0
0 0 24 96 4 1 1 0 0
0 0 24 104 4 1 1 0 0
0 0 24 112 4 1 1 0 0
0 0 24 120 4 1 1 0 0
0 0 32 0 4 1 1 0 0
0 0 32 8 4 1 1 0 0
0 0 32 16 4 1 1 0 0
0 0 32 24 4 1 1 0 0
0 0 32 32 4 1 1 0 0
0 0 32 40 4 1 1 0 0
0 0 32 48 4 1 1 0 0
0 0 32 56 4 64 64 0 0 0 0 0 0 0 0 0 0 0 0 0 0 0 0 0 0 0 0 0 0 0 0 0 0 0 0 13 0 13 0 0 0 0 0 13 13 13 13 0 0 0 0 13 13 13 13 0 0 0 0 13 13 13 13 0 0 0 13 13 13 13 13 0 0 0 0 0 0 0 0 0 0 0 0 0 0 0 0 0 0 0 0 0 0 0 0 0 0 0 0 0 0 0 0 0 0 0 0 0 0 0 0 0 0 0 0 0 0 0 0 0 0 0 0 0 0 1000 2850 0 0 0 0 0 450 3100 4750
0 0 32 64 4 64 64 0 0 0 13 13 13 13 13 0 0 0 13 13 13 13 13 0 0 0 13 13 13 13 13 0 0 0 13 13 13 13 13 0 0 0 13 13 13 13 13 0 0 0 13 13 13 13 13 0 0 0 13 13 13 13 13 0 0 0 13 13 13 13 13 0 0 0 0 0 0 4250 6000 0 0 0 0 0 3700 4000 5150 0 0 0 3200 3550 4850 6000 7150 0 0 0 0 3950 4150 6000 6700 0 0 0 0 3700 4150 6000 6700 0 0 0 0 3600 4150 6000 6700 0 0 0 0 3650 4150 6000 6700 0 0 0 0 3800 4150 6000 6700
0 0 32 72 4 64 64 0 0 0 13 13 13 13 13 0 0 0 13 13 13 13 13 0 0 0 13 13 13 13 13 0 0 0 13 13 13 13 13 0 0 0 13 13 13 13 13 0 0 0 13 13 13 13 13 0 0 0 0 0 13 13 13 0 0 0 0 13 13 13 13 0 0 0 0 4050 4150 6000 6700 0 0 0 0 0 3850 6100 6700 0 0 0 0 0 3550 6000 4000 0 0 0 0 0 3350 5350 4900 0 0 0 0 0 3500 4150 3850 0 0 0 0 0 0 3450 3850 0 0 0 0 0 0 0 3600 0 0 0 0 0 0 0 0
0 0 32 80 4 64 1 0 0 0 0 0 13 13 13 0 0 0 0 0 0 13 13 0 0 0 0 0 0 0 0 0 0 0 0 0 0 0 0 0 0 0 0 0 0 0 0 0 0 0 0 0 0 0 0 0 0 0 0 0 0 0 0 0 0 0 0 0 0 0 0 0
0 0 32 88 4 1 1 0 0
0 0 32 96 4 1 1 0 0
0 0 32 104 4 1 1 0 0
0 0 32 112 4 1 1 0 0
0 0 32 120 4 1 1 0 0
0 0 40 0 4 1 1 0 0
0 0 40 8 4 1 1 0 0
0 0 40 16 4 1 1 0 0
0 0 40 24 4 1 1 0 0
0 0 40 32 4 1 1 0 0
0 0 40 40 4 1 1 0 0
0 0 40 48 4 64 64 0 0 0 0 0 0 0 0 0 0 0 0 0 0 13 0 0 0 0 0 0 0 13 13 0 0 0 13 13 0 13 13 0 0 0 13 13 13 13 13 0 0 0 13 13 13 13 13 0 0 0 13 13 13 13 13 0 0 13 13 13 13 13 13 0 0 0 0 0 0 0 0 0 0 0 0 0 0 0 0 0 0 0 0 0 0 0 0 0 0 0 0 0 0 0 0 0 0 0 0 0 0 0 0 0 0 0 0 0 0 0 3400 0 0 0 0 0 0 3650 4350 0 0 0 0 1500 3350 4050 5200
0 0 40 56 4 64 64 13 13 13 13 13 13 13 13 13 13 13 13 13 13 13 13 13 13 13 13 13 13 13 13 13 13 13 13 13 13 13 13 13 13 13 13 13 13 13 13 13 13 13 13 13 13 13 13 13 13 13 13 13 13 13 16 13 13 13 13 13 13 16 12 0 0 0 0 3450 4900 6000 6500 0 0 0 0 5650 6900 7950 8950 0 0 0 6000 6000 8950 8950 8600 0 4000 4100 6000 6000 8100 8950 9000 0 4650 3750 6000 8950 8950 9150 8700 1300 4650 6450 8950 8950 7050 9000 7750 3400 6050 8400 8950 8950 8000 8750 6900 6050 6050 6550 7750 8000 8700 6850 6650
0 0 40 64 4 64 64 13 13 13 13 13 13 16399 12 13 13 13 13 13 13 16399 12 13 13 13 13 13 13 16399 12 13 13 13 13 13 13 16399 12 13 13 13 13 13 13 16399 12 13 13 13 13 13 13 16399 12 13 13 13 13 13 13 16399 12 13 13 13 13 13 13 16399 12 5450 6400 7100 7950 8700 7900 6850 6850 6400 7750 8200 9850 9100 7900 7000 6850 8950 9800 9950 9800 8700 7900 7350 7250 8800 9200 10100 9800 8700 7900 7500 6950 7550 8700 9750 9800 8700 7900 7500 7050 7550 9200 8700 9800 8700 7900 7450 6800 8800 9200 9750 9800 8700 7900 7450 6900 8800 9200 9750 9800 8700 8200 7550 7100
0 0 40 72 4 64 64 13 13 13 13 13 13 16399 12 13 13 13 13 13 13 16400 12 13 13 13 13 13 13 13 16400 13 13 13 13 13 13 13 13 13 13 13 13 13 13 13 13 13 13 13 13 13 13 13 13 13 13 13 13 13 13 13 13 13 13 13 13 13 13 13 13 8800 9200 9750 9800 8700 8250 7650 7250 8800 9200 9750 9800 8700 8100 7650 7500 6950 9200 9800 9800 8850 8700 8050 7800 4550 7500 8700 9800 9150 8850 8700 8700 5000 6850 7500 9800 9250 9700 9250 8700 4150 4600 5500 8700 9250 9000 9100 8550 3650 4150 6550 7800 7850 8900 9400 9250 4250 4200 5550 6050 8750 8900 8950 9200
0 0 40 80 4 64 64 13 13 13 13 13 13 13 13 13 13 13 13 13 13 13 13 0 0 0 13 13 13 13 13 0 0 0 13 13 13 13 13 0 0 0 0 0 0 0 0 0 0 0 0 0 0 0 0 0 0 0 0 0 0 0 0 0 0 0 0 0 0 0 0 3550 4150 4050 6300 6250 7350 8700 8750 0 3650 4300 5350 5150 6100 6250 7300 0 0 2950 3200 4050 5450 4900 6050 0 0 0 0 0 3750 4200 3800 0 0 0 0 0 2400 3650 4150 0 0 0 0 0 0 0 0 0 0 0 0 0 0 0 0 0 0 0 0 0 0 0 0
0 0 40 88 4 1 1 0 0
0 0 40 96 4 1 1 0 0
0 0 40 104 4 1 1 0 0
0 0 40 112 4 1 1 0 0
0 0 40 120 4 1 1 0 0
0 0 48 0 4 1 1 0 0
0 0 48 8 4 1 1 0 0
0 0 48 16 4 1 1 0 0
0 0 48 24 4 1 1 0 0
0 0 48 32 4 1 1 0 0
0 0 48 40 4 64 1 0 0 0 0 0 0 0 0 0 0 0 0 0 0 0 0 0 0 0 0 0 0 0 0 0 0 0 0 0 0 0 0 0 0 0 0 0 0 13 0 0 0 0 0 0 0 13 13 0 0 0 0 13 0 13 13 0 0 13 13 13 13 13 13 0
0 0 48 48 4 64 64 0 0 13 13 13 13 13 13 13 13 13 13 13 13 13 13 13 13 13 13 13 13 13 13 13 13 13 13 13 13 13 13 13 13 13 13 13 13 13 13 13 13 13 13 13 13 13 13 13 13 13 13 13 13 13 13 13 13 13 13 13 13 13 13 0 0 0 0 0 0 0 0 0 0 0 1550 2000 1800 3450 3550 0 0 0 3250 3900 5350 4200 4200 0 3100 3250 4450 3850 6000 4300 4600 0 6000 4800 4800 4350 4550 4100 4600 6000 6000 7800 5350 5400 5300 6450 4600 5650 7950 8500 8950 7250 6750 6100 8000 6000 7850 8800 8500 8700 8500 8700 8700
0 0 48 56 4 64 64 13 13 13 13 13 13 13 13 13 13 13 13 13 13 13 16 13 13 13 13 16 15 15 12 13 13 13 16 12 12 12 12 13 16 12 12 12 12 12 12 16 12 12 12 12 12 12 12 12 12 12 12 12 12 12 12 12 12 12 12 12 12 12 12 7850 8000 8950 8150 7350 8700 7350 7350 8950 8550 8700 8700 7350 7350 7350 7000 9150 8700 8950 7250 6800 6650 6650 6550 8600 8250 7900 7700 6400 6250 6200 6200 7500 7300 6500 5750 6250 6250 6300 6200 6450 6600 5750 5400 5900 6100 6150 5700 6500 6100 6100 6150 6050 5900 5800 5150 6200 6200 5900 5800 5600 5250 5000 4750
0 0 48 64 4 1 64 12 6850 6400 6100 5550 5400 5100 4450 3900 6850 6600 5950 5650 5250 4850 4800 3650 6850 6450 5950 5450 4800 4800 4550 3400 6600 6200 6000 5450 4800 4750 3750 3350 6400 5850 6000 5400 4900 4800 4050 3250 5950 5750 5750 5750 5650 5200 4850 3700 6600 5750 5750 5750 5700 5350 4600 4150 6700 5750 5750 5800 5750 5150 5050 4950
0 0 48 72 4 64 64 12 12 12 12 12 12 12 12 12 12 12 12 12 12 12 12 12 12 12 12 12 12 12 12 16400 12 12 12 12 12 12 12 13 16400 12 12 12 12 12 12 13 13 16400 32783 32783 32783 32783 32783 13 13 13 13 13 13 13 13 13 13 13 13 13 13 13 13 6950 6350 5950 5750 5700 5500 5350 5200 7300 6600 5750 5750 5750 5600 5550 5700 7550 7300 6550 6300 5900 5700 5900 6100 8250 7500 6800 7050 6550 6200 6600 6750 7450 7700 7400 7250 7200 7500 7250 7500 8700 7600 7400 7450 7250 7550 7250 7250 9400 8100 7900 7850 7700 7500 7650 7900 9300 8300 8650 7650 7550 8300 7900 7950
0 0 48 80 4 64 64 13 13 13 13 13 13 13 13 13 13 13 13 13 13 13 13 13 13 13 13 13 13 13 13 13 13 13 13 13 13 13 13 0 13 13 13 13 13 13 13 0 0 0 0 0 13 13 13 0 0 0 0 0 0 0 0 0 0 0 0 0 0 0 0 8700 9200 9000 8750 8600 8600 8050 8750 7600 8600 9400 9400 9150 9100 9250 9650 6850 6850 8700 8050 7750 8400 8500 9400 5050 4500 6500 6900 7400 7500 7500 8300 4000 4400 5050 5050 5050 5600 7500 7500 0 0 0 2050 3400 3000 5050 5050 0 0 0 0 0 0 0 0 0 0 0 0 0 0 0 0
0 0 48 88 4 1 1 0 0
0 0 48 96 4 1 1 0 0
0 0 48 104 4 1 1 0 0
0 0 48 112 4 1 1 0 0
0 0 48 120 4 1 1 0 0
0 0 56 0 4 1 1 0 0
0 0 56 8 4 1 1 0 0
0 0 56 16 4 1 1 0 0
0 0 56 24 4 1 1 0 0
0 0 56 32 4 1 1 0 0
0 0 56 40 4 64 1 0 0 0 0 0 0 0 0 0 0 0 0 0 0 0 0 0 0 0 0 0 0 0 0 0 0 0 0 0 0 0 0 0 0 0 0 0 0 0 0 13 0 0 0 0 0 0 0 13 13 13 13 13 13 13 13 13 13 13 13 13 13 13 13 0
0 0 56 48 4 1 64 13 0 2250 0 0 0 0 0 0 4050 4650 3550 4100 3950 3550 3300 3250 5400 5150 4050 4300 3950 3700 3950 3850 6000 6200 5600 5500 5500 5400 5400 5500 5050 6700 5450 5450 6100 5550 4700 4600 5500 7300 5700 5600 6000 5600 6350 5050 7850 7950 7500 7650 7500 7550 7400 7050 8700 8700 8700 8700 8650 7900 8300 8750
0 0 56 56 4 64 64 13 13 13 13 13 13 13 13 15 15 15 15 15 15 49168 13 12 12 12 12 12 12 12 49168 12 12 12 12 12 12 12 12 12 12 12 12 12 12 12 12 12 12 12 12 12 12 12 12 12 12 12 12 12 12 12 12 12 12 12 12 12 12 12 12 7350 7350 7350 7350 8000 8700 7350 8700 7000 7000 7000 7600 7350 7350 7350 7350 6550 6250 6800 7000 7000 7000 7000 7000 5950 5900 6100 6500 6250 7000 7000 7400 5850 5600 5650 5300 5650 5950 7000 7000 5350 5150 5250 5300 5350 5500 6250 6650 4950 5050 5050 5100 5400 5550 6100 6500 4550 4600 4350 4750 5000 5450 5500 6150
0 0 56 64 4 1 64 12 3600 3550 3850 4400 4650 5400 5400 5600 3150 3200 3250 3950 4500 5350 5400 5550 2700 2550 1800 3800 4350 5350 5450 5550 2050 2500 2200 3550 4500 5300 5450 5600 3150 3300 3350 3600 4600 5400 5400 5500 3550 3550 3700 4150 4900 5400 5400 5450 4250 4350 4650 4950 5050 5400 5400 5550 4800 4950 5150 5400 5400 5500 5400 5650
0 0 56 72 4 64 64 12 12 12 12 12 12 12 12 12 12 12 12 12 12 12 12 12 12 12 12 12 12 12 12 12 12 12 12 12 12 12 32784 12 12 12 12 12 12 32784 13 32783 32783 32783 32783 32783 32784 13 13 13 13 13 13 13 13 13 13 13 13 13 13 13 13 13 13 5300 5450 5400 5700 5650 5950 5650 6700 5800 5900 5850 6000 6150 6700 6550 7100 6250 6250 6250 6300 6700 7150 7150 7300 6450 6650 7100 6900 7100 7200 7450 7250 7800 7850 7650 7500 7350 7100 7600 7150 7550 7750 7450 7250 7300 7550 7250 7600 7800 7700 7250 7300 7250 7300 7200 7600 8250 8100 7650 7500 7650 7750 7550 7600
0 0 56 80 4 64 64 13 13 13 13 13 13 13 13 13 13 13 13 13 13 13 13 13 13 13 13 13 13 13 13 13 13 13 13 13 13 13 13 13 13 13 13 13 13 13 13 13 13 13 13 13 13 13 13 0 0 0 0 0 0 0 0 0 0 0 0 0 0 0 0 8450 8300 7950 8100 8000 8100 7900 9100 9300 9250 8700 8700 8700 8700 8700 8700 8300 8300 8300 8300 8300 8300 8300 8300 8300 8300 8300 8300 8300 8300 8300 8300 7500 7500 7500 7500 7500 7500 7500 7500 5050 5050 5050 5050 5050 5050 5050 5050 0 0 0 0 0 0 0 0 0 0 0 0 0 0 0 0
0 0 56 88 4 1 1 0 0
0 0 56 96 4 1 1 0 0
0 0 56 104 4 1 1 0 0
0 0 56 112 4 1 1 0 0
0 0 56 120 4 1 1 0 0
0 0 64 0 4 1 1 0 0
0 0 64 8 4 1 1 0 0
0 0 64 16 4 1 1 0 0
0 0 64 24 4 1 1 0 0
0 0 64 32 4 1 1 0 0
0 0 64 40 4 64 1 0 0 0 0 0 0 0 0 0 0 0 0 0 0 0 0 0 0 0 0 0 0 0 0 0 0 0 0 0 0 0 0 0 0 0 0 0 0 0 0 0 0 0 0 0 0 0 0 13 13 0 0 0 0 0 0 13 13 13 13 0 0 0 0 0
0 0 64 48 4 64 64 13 13 13 13 13 0 0 0 13 13 13 13 13 13 0 0 13 13 13 13 13 13 0 13 13 13 13 13 13 13 13 13 13 13 13 13 13 13 13 13 13 13 13 13 13 13 13 13 13 13 13 13 13 13 13 13 13 13 13 13 13 13 13 13 0 0 0 0 0 0 0 0 3350 3450 0 2550 0 0 0 0 4050 4100 4000 3800 3950 0 0 0 4950 5300 4400 3700 4000 0 0 0 4600 5100 4550 4000 4050 3350 1900 0 4600 5350 4650 6000 5050 5350 3700 3650 6000 6050 5650 5750 5550 5550 4600 3900 7100 7000 6550 6450 6050 5550 4200 5100
0 0 64 56 4 64 64 13 13 13 13 13 13 13 13 13 13 13 13 13 13 13 13 13 13 13 13 13 13 13 13 49168 13 13 13 13 13 13 13 12 49168 13 13 13 13 13 13 12 12 49168 13 13 13 13 13 12 12 49167 13 13 13 13 13 12 12 49167 13 13 13 13 13 8100 8100 7250 6200 5550 5550 5400 4700 7350 8700 8350 7600 6650 5600 5150 5750 7400 7350 8700 8250 7550 6200 5500 5600 7400 7400 7350 8250 6200 6700 6450 6200 7000 7400 7400 7400 7350 6700 6400 6250 6800 7100 7450 7400 8600 7150 5550 5550 6450 7150 7000 7400 7350 8500 5550 5550 6350 6500 6950 7400 7850 7900 8700 6350
0 0 64 64 4 64 64 12 12 49167 13 13 13 13 13 12 12 49167 13 13 13 13 13 12 12 49167 13 13 13 13 13 12 12 49167 13 13 13 13 13 12 12 49167 13 13 13 13 13 12 12 49167 13 13 13 13 13 12 12 49167 13 13 13 13 13 12 12 49167 13 13 13 13 13 6400 6700 6800 7400 7800 8000 8600 7600 6200 6650 6700 7400 7800 8350 8750 7650 6150 6450 6800 7400 7800 8600 8700 7900 6100 6500 6600 7400 7800 8600 9150 8300 5950 6450 6500 7400 7800 8600 9350 8800 6150 6350 6250 7400 7800 8550 9150 8800 6450 6550 6400 7400 7800 8350 9400 8650 6650 6700 6650 7400 7800 8400 9200 8050
0 0 64 72 4 64 64 12 12 32784 13 13 13 13 13 12 32784 13 13 13 13 13 13 32784 13 13 13 13 13 13 13 13 13 13 13 13 13 13 13 13 13 13 13 13 13 13 13 13 13 13 13 13 13 13 13 13 13 13 13 13 13 13 13 13 13 13 13 13 13 13 13 7050 7400 6600 7400 7800 8450 8700 7250 7200 7450 6900 7600 7350 8700 8850 7650 7400 6550 7600 7350 8900 8700 8300 7150 7150 7500 7600 8750 8750 8400 7600 6200 7300 7600 8750 8700 8150 7600 7600 5550 7600 8550 8700 8200 7600 7600 6150 5550 8650 8700 8200 7600 7600 6500 6500 5550 9100 8700 7650 7600 6400 5200 6050 3350
0 0 64 80 4 64 64 13 13 13 13 13 13 13 13 13 13 13 13 13 0 0 0 13 13 13 13 13 13 0 0 13 13 13 0 0 0 0 0 13 13 13 0 0 0 0 0 13 0 0 0 0 0 0 0 0 0 0 0 0 0 0 0 0 0 0 0 0 0 0 0 9000 8150 7600 5950 5650 4050 4250 0 8700 7200 5150 5450 3950 4150 0 0 8300 5850 4650 4850 6000 0 0 0 6250 4950 4650 4250 0 0 0 0 5400 5200 6000 0 0 0 0 0 6000 4150 0 0 0 0 0 0 0 0 0 0 0 0 0 0 0 0 0 0 0 0 0 0
0 0 64 88 4 1 1 0 0
0 0 64 96 4 1 1 0 0
0 0 64 104 4 1 1 0 0
0 0 64 112 4 1 1 0 0
0 0 64 120 4 1 1 0 0
0 0 72 0 4 1 1 0 0
0 0 72 8 4 1 1 0 0
0 0 72 16 4 1 1 0 0
0 0 72 24 4 1 1 0 0
0 0 72 32 4 1 1 0 0
0 0 72 40 4 1 1 0 0
0 0 72 48 4 64 64 0 0 0 0 0 0 0 0 0 0 0 0 0 0 0 0 0 0 0 0 0 0 0 0 0 13 0 0 0 0 0 0 13 13 0 0 0 0 0 0 13 13 0 0 0 0 0 0 13 13 0 0 0 0 0 0 13 13 0 0 0 0 0 0 0 0 0 0 0 0 0 0 0 0 0 0 0 0 0 0 0 0 0 0 0 0 0 0 0 0 0 0 0 0 0 0 0 0 0 0 0 0 0 0 0 0 0 0 0 0 0 0 3900 0 0 0 0 0 0 0 3550 0 0 0 0 0 0 0
0 0 72 56 4 64 64 13 13 13 13 13 0 0 0 13 13 13 13 13 0 0 0 13 13 13 13 13 0 0 0 13 13 13 13 13 0 0 0 13 13 13 13 13 0 0 0 13 13 13 13 13 0 0 0 13 13 13 13 13 0 0 0 13 13 13 13 13 0 0 0 3700 2250 0 0 0 0 0 0 4050 2650 2900 0 0 0 0 0 6000 4100 3350 0 0 0 0 0 5600 4100 3900 0 0 0 0 0 6000 4400 4100 0 0 0 0 0 5550 4250 4000 0 0 0 0 0 5550 5550 6000 0 0 0 0 0 5550 5550 4600 3300 0 0 0 0
0 0 72 64 4 64 64 13 13 13 13 13 0 0 0 13 13 13 13 13 0 0 0 13 13 13 13 13 0 0 0 13 13 13 13 13 0 0 0 13 13 13 13 13 0 0 0 13 13 13 13 13 0 0 0 13 13 13 13 13 0 0 0 13 13 13 13 13 13 0 0 7000 6400 4900 4500 3450 0 0 0 6200 5900 4750 3600 3150 0 0 0 7200 5550 4750 3850 0 0 0 0 7150 5550 5000 3950 3200 0 0 0 7750 5550 4700 4150 3600 2900 0 0 7700 5550 4900 3900 3600 100 0 0 6750 5600 4700 3900 3000 2850 0 0 6350 5650 4650 3350 0 0 0 0
0 0 72 72 4 64 64 13 13 13 13 13 13 0 0 13 13 13 13 13 13 0 0 13 13 13 13 13 13 0 0 13 13 13 13 0 0 0 0 13 13 13 13 0 0 0 0 13 13 0 13 0 0 0 0 13 0 0 0 0 0 0 0 13 0 0 0 0 0 0 0 6300 5550 4700 3450 0 0 0 0 6300 5550 4450 3500 3050 0 0 0 5950 5550 3850 3750 0 0 0 0 5550 4600 4050 3700 0 0 0 0 4400 6000 4550 0 0 0 0 0 3750 3600 0 0 0 0 0 0 2800 0 0 0 0 0 0 0 0 0 0 0 0 0 0 0
0 0 72 80 4 1 1 0 0
0 0 72 88 4 1 1 0 0
0 0 72 96 4 1 1 0 0
0 0 72 104 4 1 1 0 0
0 0 72 112 4 1 1 0 0
0 0 72 120 4 1 1 0 0
0 0 80 0 4 1 1 0 0
0 0 80 8 4 1 1 0 0
0 0 80 16 4 1 1 0 0
0 0 80 24 4 1 1 0 0
0 0 80 32 4 1 1 0 0
0 0 80 40 4 1 1 0 0
0 0 80 48 4 1 1 0 0
0 0 80 56 4 1 1 0 0
0 0 80 64 4 1 1 0 0
0 0 80 72 4 1 1 0 0
0 0 80 80 4 1 1 0 0
0 0 80 88 4 1 1 0 0
0 0 80 96 4 1 1 0 0
0 0 80 104 4 1 1 0 0
0 0 80 112 4 1 1 0 0
0 0 80 120 4 1 1 0 0
0 0 88 0 4 1 1 0 0
0 0 88 8 4 1 1 0 0
0 0 88 16 4 1 1 0 0
0 0 88 24 4 1 1 0 0
0 0 88 32 4 1 1 0 0
0 0 88 40 4 1 1 0 0
0 0 88 48 4 1 1 0 0
0 0 88 56 4 1 1 0 0
0 0 88 64 4 1 1 0 0
0 0 88 72 4 1 1 0 0
0 0 88 80 4 1 1 0 0
0 0 88 88 4 1 1 0 0
0 0 88 96 4 1 1 0 0
0 0 88 104 4 1 1 0 0
0 0 88 112 4 1 1 0 0
0 0 88 120 4 1 1 0 0
0 0 96 0 4 1 1 0 0
0 0 96 8 4 1 1 0 0
0 0 96 16 4 1 1 0 0
0 0 96 24 4 1 1 0 0
0 0 96 32 4 1 1 0 0
0 0 96 40 4 1 1 0 0
0 0 96 48 4 1 1 0 0
0 0 96 56 4 1 1 0 0
0 0 96 64 4 1 1 0 0
0 0 96 72 4 1 1 0 0
0 0 96 80 4 1 1 0 0
0 0 96 88 4 1 1 0 0
0 0 96 96 4 1 1 0 0
0 0 96 104 4 1 1 0 0
0 0 96 112 4 1 1 0 0
0 0 96 120 4 1 1 0 0
0 0 104 0 4 1 1 0 0
0 0 104 8 4 1 1 0 0
0 0 104 16 4 1 1 0 0
0 0 104 24 4 1 1 0 0
0 0 104 32 4 1 1 0 0
0 0 104 40 4 1 1 0 0
0 0 104 48 4 1 1 0 0
0 0 104 56 4 1 1 0 0
0 0 104 64 4 1 1 0 0
0 0 104 72 4 1 1 0 0
0 0 104 80 4 1 1 0 0
0 0 104 88 4 1 1 0 0
0 0 104 96 4 1 1 0 0
0 0 104 104 4 1 1 0 0
0 0 104 112 4 1 1 0 0
0 0 104 120 4 1 1 0 0
0 0 112 0 4 1 1 0 0
0 0 112 8 4 1 1 0 0
0 0 112 16 4 1 1 0 0
0 0 112 24 4 1 1 0 0
0 0 112 32 4 1 1 0 0
0 0 112 40 4 1 1 0 0
0 0 112 48 4 1 1 0 0
0 0 112 56 4 1 1 0 0
0 0 112 64 4 1 1 0 0
0 0 112 72 4 1 1 0 0
0 0 112 80 4 1 1 0 0
0 0 112 88 4 1 1 0 0
0 0 112 96 4 1 1 0 0
0 0 112 104 4 1 1 0 0
0 0 112 112 4 1 1 0 0
0 0 112 120 4 1 1 0 0
0 0 120 0 4 1 1 0 0
0 0 120 8 4 1 1 0 0
0 0 120 16 4 1 1 0 0
0 0 120 24 4 1 1 0 0
0 0 120 32 4 1 1 0 0
0 0 120 40 4 1 1 0 0
0 0 120 48 4 1 1 0 0
0 0 120 56 4 1 1 0 0
0 0 120 64 4 1 1 0 0
0 0 120 72 4 1 1 0 0
0 0 120 80 4 1 1 0 0
0 0 120 88 4 1 1 0 0
0 0 120 96 4 1 1 0 0
0 0 120 104 4 1 1 0 0
0 0 120 112 4 1 1 0 0
0 0 120 120 4 1 1 0 0