atdump version 4
0 Y
1 N
2 N
3 N
4 N
5 N
6 Y
7 N
8 N
9 Y
10 128
11 126
12 126
13 1
14 
15 1
17 1
18 1.000000
19 11000
20 stars1
21 170
22 0.090000
23 0.090000
24 stars1
25 4.000000
26 cloud_strat1m
27 26
28 0.200000
29 0.100000
30 cloud_strat1
31 4.000000
32 cloud_strat1m
33 53
34 -0.789238
35 0.191570
36 cloud_strat1
37 1.000000
39 N
40 N
41 N
42 1
43 1
44 N
45 Y
46 *
47 0.05N 0.01E 0a 1
49 112
50 Y
51 66
52 1200
53 100
54 71
55 1.000000
56 g2l
57 
58 
59 180
60 N
61 Y
62 16
63 140
64 c_moon2
65 140
66 c_moon2
67 -138.348434
68 -692.079102
69 708.439209
70 100
72 100
74 86a8e2b16767aa6d630778a91e
76 http://connect.miuchiz.com/objects
77 10080
78 1
79 1
80 N
81 0
83 
84 113
85 73
86 76
87 109
88 63
89 69
90 106
91 60
92 67
93 121
94 77
95 77
96 108
97 59
98 63
99 112
100 66
101 71
102 
103 
104 
105 *
106 1
107 1
108 1.000000
109 1.000000
110 -204.500000
112 
113 
114 81
115 water1_topm
116 water2
117 Y
118 66
119 -185.000000
120 
121 188
122 55
123 0.200000
124 0.200000
125 water1_top
126 Y
127 150
128 0.200000
129 Welcome to Planet Mion.  Please walk straight ahead to the help center
130 N
131 
132 
133 Y
134 Y
135 N
136 Y
137 1.000000
138 2.000000
139 N
140 8.600000
141 86.000000
142 N
143 N
144 16383486
145 Y
146 30
147 60
148 1
149 Y
150 N
151 move rotate