elevdump version 2
0 0 0 0 16 1 1 0 0
0 0 0 32 16 1 1 0 0
0 0 0 64 16 1 1 0 0
0 0 0 96 16 1 1 0 0
0 0 32 0 16 1 1 0 0
0 0 32 32 8 1 1 0 0
0 0 32 48 8 1 1 0 0
0 0 32 64 8 1 1 0 0
0 0 32 80 8 1 1 0 0
0 0 32 96 16 1 1 0 0
0 0 48 32 8 1 1 0 0
0 0 48 48 4 1 1 0 0
0 0 48 56 4 1 1 0 0
0 0 48 64 4 1 1 0 0
0 0 48 72 4 1 1 0 0
0 0 48 80 8 1 1 0 0
0 0 56 48 4 1 1 0 0
0 0 56 56 4 1 1 0 0
0 0 56 64 4 1 1 0 0
0 0 56 72 4 1 1 0 0
0 0 64 0 16 1 1 0 0
0 0 64 32 8 1 1 0 0
0 0 64 48 4 1 1 0 0
0 0 64 56 4 1 1 0 0
0 0 64 64 32 1 1 0 0
0 0 72 48 4 1 1 0 0
0 0 72 56 4 1 1 0 0
0 0 80 32 8 1 1 0 0
0 0 80 48 8 1 1 0 0
0 0 96 0 16 1 1 0 0
0 0 96 32 16 1 1 0 0