atdump version 4
0 Y
1 N
2 N
3 N
4 N
5 N
6 Y
7 N
8 N
9 Y
10 154
11 154
12 154
13 1
15 1
17 1
18 1.000000
19 11000
21 0
22 0.000000
23 1.000000
25 1.000000
26 cloud_strat1m
27 170
28 0.000000
29 0.500000
30 cloud_strat1
31 4.000000
32 cloud_strat1
33 205
34 0.500000
35 0.000000
36 cloud_strat1
37 1.000000
39 N
40 N
41 N
42 1
44 N
45 Y
46 *
47 0.05N 0.03E -5.50a 359
49 205
50 Y
51 170
52 1200
53 50
54 163
55 1.000000
56 g2l
58 citytest11
59 193
60 Y
61 Y
62 25
63 241
64 c_sun
65 253
66 c_sun
67 -5.190000
68 -1.370000
69 0.000000
70 60
72 100
74 86a8e2b16767aa6d630778a91e
76 http://connect.miuchiz.com/objects
77 9999999
78 1
79 0
80 N
81 0
84 205
85 170
86 163
87 205
88 170
89 163
90 205
91 170
92 163
93 214
94 156
95 248
96 214
97 156
98 248
99 205
100 170
101 163
105 *
106 1
107 1
108 1.000000
109 1.000000
110 -204.500000
112 Winter Planet Mion
113 1
114 174
117 Y
118 102
119 -185.000000
121 188
122 96
123 0.200000
124 0.050000
125 water1_top
126 Y
127 120
128 0.050000
129 Please walk straight ahead to the Start Point.
130 N
133 Y
134 Y
135 N
136 Y
137 1.000000
138 2.000000
139 N
140 0.000000
141 90.000000
142 N
143 N
144 16777215
145 N
146 3600
147 3600
148 1
149 N
150 N
151 move rotate web shadow